38195 15618.8
35637.2 48965.1
12395.3 48993.6
13467.2 18883
32766.4 18342.3
8019.85 7954.39
3861.48 38362.9
29495.1 23466.6
36785 43128.2
8485.77 10498.4
21665.8 28244.9
20791.3 38889.4
6991.69 18614
33776.9 23464.6
25307.2 6940.5
40380.1 33862.7
31298.1 11682.8
15893.2 49304.4
38700.6 19535.3
25850.5 32350
19532.9 46034.7
41217.6 23645.3
37479.7 21072.4
15189.3 28770
21425.7 18301.5
1647.19 45632.2
24083.4 46968.1
11655.5 21139.6
31105.6 20613.7
39569.5 33089.4
34603.6 10150.3
49197.3 7155.56
19000 30419.2
4312.72 9945.58
24332.3 46547.2
20704.3 27658.8
45222.2 15079.7
33289.6 14585.9
37479.9 49626.9
15960.5 31409.2
33767.7 40217.9
6632.27 33789.6
22160.1 44.9232
34644.5 30402.8
7769.31 21438
36091.6 40467.5
39843.6 24413.6
48783.9 40649.4
5933.05 20802.3
67.4764 40903
44834.4 318.651
2338.67 39487.8
46595.3 43688.2
34779.1 5667.69
35827.2 38827.4
17119.6 17970.8
5035.13 13200.7
42421.5 22063.8
27970 23272
14578.1 2248.67
20089.8 43784.1
33618.2 46395.9
22117 41956
7142.11 7462.89
39776.1 22959.4
36448.1 43520.9
39811 4824.37
42228.2 14812.5
25861.4 262.984
40369.3 45797.9
32768.4 45471.3
525.31 9984.83
13047.1 41551.7
36931.8 626.505
48229.6 14916.3
30564.7 40945.5
28963.6 34360.9
12355.6 22641.7
5929.75 29437.5
5801.29 13415.9
36942.8 30330.3
11200.1 48720.9
10438.1 42813.1
34258 23355.9
20909.8 49034.8
30336 44796.1
10689.1 29329.2
38703 20352.3
2851.92 18250.8
16680.5 47607.9
49747.5 10070.4
47806.3 6416.1
47982.2 33189.3
38564.2 28341.9
31859 10301.8
25477.6 39085.6
47528.7 47454.8
13613.5 8721.38
30373.5 14900.7
42676.1 10114.1
2725.43 29762.3
46525.6 34673.4
46306.7 27851.8
2151.32 44128.9
35391.6 22919.9
9941.13 42251.5
12364.6 6306.37
36820.6 1387.36
41326.8 7535.79
1051.96 10561.1
23307.4 28627.4
24607.1 2418.29
33784.4 42183.5
7885.03 25227.6
38850.5 44611.3
42203.1 15478.9
1853.38 6626.46
43394.8 8045.29
31386.4 28856.6
15674 1532.98
10600.7 5532.51
36264.8 16621.3
48795.5 32608.4
15743.6 48592.9
9959.3 48328.5
15366.7 14137.6
33915.3 43089.7
5451.63 28560.2
2230.12 9428.72
16198.8 41209.7
49796.9 10716.5
30606 16305.6
14877.6 22309.3
24725.5 44802.1
15535.5 16324.4
20094.3 23664.2
9392.07 27004.4
18538.2 5184.78
44887.4 24075.5
37189.1 30194.5
7505.58 4295.93
23043.9 37601.9
44245.1 18030.5
41083.8 11800
8138.99 29121.8
20365.4 32716.7
9323.35 48046.3
17527.3 48728
29483.9 22757.2
13740.2 7708.89
9557.04 21390.9
49501.7 1134.05
3934.85 17647.6
5527.76 46939.6
46292.4 24742.7
28924.9 5476.34
11056.2 38288.6
5135.28 25396.7
25434.7 12441.4
25542.2 5189.02
11651 21005.4
9595.95 16501.6
7787.02 28215.2
3618.1 44907.6
9451.67 45390.9
6298.97 28648.9
46968.1 33354.5
24919.8 10949
30359.1 17240.3
49699.8 42326.1
12796.9 46008.2
30000.5 4662.47
14006.6 22829.9
6347.32 35871.9
8778.79 35583.2
21747.7 29830.4
23758.6 12437.1
49617.7 13286.1
7099.01 22305.7
29037 47708.7
23288.2 45851.8
42246.7 2969.83
22138.6 16266.5
32455.7 14845.2
10891.1 25092.6
10342.9 32756.5
42090.7 37776.9
46704.8 34080.7
3745.88 12381.8
42681.9 38578
43627.4 43800.5
44297.2 19798.8
27679.1 13061.3
11611.8 46318.2
3156.51 42205.6
11904.2 2935.33
25658 29331.1
49266.1 37392.3
26234.3 43099.8
24299.6 31927.9
8407.19 29508.1
17333.8 13066.9
17950.3 33631.4
34037.4 13782.2
46855.5 3297.46
39754.7 35551.5
34094.4 8616.27
41365.7 29273.5
5570.84 36847.7
3022.72 35326.3
41236.2 15734.4
37505.8 34653
20351.5 37361.9
45682.4 49613.2
657.408 11116.9
127.632 7792.25
29055.9 17111.5
39873.8 32411.6
15336.1 9102.93
13895.2 5363.9
24656.4 6332.23
7738.22 38589.2
36809.8 31370.6
30504.9 12688.5
41090.2 7720.99
8560.54 7226.12
26512.3 35656.6
37342.3 2292.27
32074.3 40203.9
37243.1 36718
13237.6 42885.3
5015.29 14482.4
42977 17091.6
18795.8 30824.6
9909.85 27196
22744.3 15112.3
397.111 734.513
30006.2 47261.9
