37491.5 49714.3
11935.1 20168.6
5347.77 37024.6
20547.5 26586.9
22367.3 37658.1
5991.69 16881.9
23337.6 6593.2
32416.5 10024.7
39449.8 17680.9
19523.5 17683.4
2460.67 43805.1
9666.48 21348.7
30554.4 22536.2
20000 28687.2
4452.24 11940.7
25908.3 47778.5
20288.5 25702.5
31772.6 40357.4
5193.59 35178.9
32765.1 31086.8
9768.09 21507.8
37857.5 39528.6
41799.9 24829.5
46451.4 130.992
6611.15 14432
26794.5 21654
16558.6 1970.33
18100.8 43575.1
37921.7 22210.2
38525.5 3292.28
43566.4 13326.2
23862.6 193.185
12108.1 43317.6
37070.7 770.373
29625.8 42711.4
30621.7 33242.5
10399.3 22225.9
5053.01 31235.1
9754.04 44692.4
19007.7 48416.8
12307.1 30504.7
36733.4 20699.6
3335.77 16310.3
26815.9 37599.3
11624.4 8512.33
30164.4 12911.7
48057.7 35958.9
47183.5 26054.2
419.268 45128.9
8114.03 43065
11304.8 4610.27
34831.5 1596.42
40041.2 9067.88
392.21 9228.94
23585.7 30608
6057.94 26041
40222.6 15200.5
3793.97 6142.62
34778.5 17959.6
11398 49717.8
5798.93 26590.6
3996.01 8489.77
18168.4 41557
47798.1 10786.3
30606 14305.6
25538.9 42975
17301.4 17263.3
20971.1 21866.7
42946.8 24559.3
35190.4 30264.3
5678.49 3482.46
18365.4 32716.7
7791.26 46760.7
30233.1 20902.8
2703.53 16071.6
3538.71 46730.5
46708.2 22786.4
25472.4 7187.8
7693.84 17119.7
6501.45 26683.1
2131.81 46245.8
11331.1 44706.9
4300.19 28718.7
47383.9 35310.8
31298 19006.2
47730.2 42673.4
23717.3 30177.7
49617.7 13286.1
28897.5 49703.8
43864.7 1794.26
9659.74 23516.6
11281.9 34522.4
43418.4 45789.6
44915.2 17896.7
28797.5 11403.2
12163.1 44395.7
1580.49 40974.3
12964.1 4631.43
47648.1 38567.8
25174.4 44795.9
32861.8 15400.2
35507 34722.8
44564 47955.1
1982 7043.04
28055.9 18843.6
23425.1 7908.25
9470.27 37589.2
30365.3 10693.4
38402.2 3988.36
31074.3 41935.9
39212.7 36370.7
12177.8 41189.2
5431.11 16438.7
7920.81 27405.1
