10400.3 21620.4
12591.1 20920.1
13002.8 23878.7
9159.38 21309.9
9392.5 21985.2
15898.5 21721.1
15616.8 22773.6
15368.7 23112.1
13606.3 23943.1
1559.1 14453.5
11643.5 20648.8
30113.3 6928.37
10945.1 6588.7
34469.5 21452.5
9691.22 19787.5
31382.7 7481.51
1314.61 13144.6
19577.1 22569.1
9965.52 20478.9
9186.83 20235.5
39219.4 885.36
19237.8 24998.3
29686.9 7522.61
1788.99 15032.6
29892.2 6475.77
11012.8 22621.8
13667.2 23119.4
10690.8 23120.8
802.526 12619.6
16326.5 22770.4
38301.7 1589.38
18605 25410.7
40002.4 472.615
1591.23 13079.4
11982.1 22039.6
1887.87 13959.2
10265.8 6701.78
2030.35 13237.1
16664.5 24801.3
10281.4 22257.7
33936.9 19620.3
9947.54 21707.8
20183.3 21743.8
10920.8 8645.56
38788 410.175
38022 2256.18
2125.9 13184.1
9019.07 21169.8
38781.6 923.962
9354.93 2921.18
39441.5 199.323
11392.9 22892
9136.81 2752.72
37838.6 2351.57
12501.7 23271
34841.3 20739.4
11242.7 6522.09
31509.1 41100.4
30294.4 41078.4
30744 7625.78
16477.7 22574.5
2461.18 14144.2
16519.2 22446.5
9950.21 22214.1
17496.8 25027.5
18332.4 24977.7
18959.1 25927.4
17035 20753.8
9847.09 21766.9
40230.1 901.342
14039.9 22942.6
16825.1 21539.1
29607 40748
29343.4 42008
30580 40475.9
15810.7 23837.8
10733.5 19894.6
31583.4 40989.7
10877.8 7296.04
19630.5 25380.9
16724.2 24709.8
15846.4 22902
17024.7 19100.8
10443.5 21902.7
17189.9 19971
894.249 13027.2
20252.3 21559.9
10720.4 7692.18
12378.4 22275.8
15345.4 22096.6
613.201 13142.8
8947.27 22221.3
