34655.5 37907.5
9792.07 16340.2
13639.8 1104.37
1756.16 10722.5
6899.45 25601.2
7151.2 24081
23318.2 41001.3
26733.3 47298.2
5757.07 1766.32
11268.3 18776.4
26675.6 43370.9
5921 26069
10400.3 21620.4
11343.7 12251.3
33213.9 41047.5
10889.6 18121.4
7060.5 24650.2
5256.29 4748.97
16530.3 21614.6
31423.3 36594.2
31607.1 19776.7
24653.5 38348.3
19155.1 27986.1
28226.1 40916.3
34719.8 22410.1
13002.8 23878.7
9159.38 21309.9
25047 40047.5
10480.7 16681
10660.1 11685
33105.7 38008.2
18587.2 22796.8
31010.8 23720.4
29410.5 8913.52
4686.49 7974.35
9392.5 21985.2
16330.4 29133.5
25421.1 38782.1
13775.3 25549.4
10349.3 3653.96
15347.8 25600
15898.5 21721.1
15616.8 22773.6
29438 43470.7
19077.4 21613.6
6470.11 25832.8
16842.4 21592
29089.6 36613.8
28503.2 46338.7
1559.1 14453.5
30861.5 38543.7
15447.7 19412.8
30113.3 6928.37
21205.3 39188.9
30879.3 9692.25
32451.2 6627.61
10945.1 6588.7
3470.86 362.857
29535.1 6843.12
22296 20662
31690.9 24329.9
32658.3 18372.6
14731.3 27147.9
9691.22 19787.5
31382.7 7481.51
28628.9 44443.4
8855.79 15453.1
32201.1 22639.3
1314.61 13144.6
9762.52 15376.2
37361.9 2647.37
31953 10015.9
30602.3 44383
8926.86 25290.8
20945.2 26327.8
9965.52 20478.9
22235 38833.3
30347.7 36903.9
9186.83 20235.5
5201.71 3178.53
39219.4 885.36
41292.9 1513.18
19237.8 24998.3
30518.6 11435.2
9920.09 22599.3
12411.2 25210.5
22175 41053
9631.72 14491.4
23952.6 38986.1
18263 27292.4
1788.99 15032.6
29892.2 6475.77
18383.1 23300.2
13791.4 25499.2
1252.62 12377.4
17059.3 25239
27947.4 47252
10690.8 23120.8
12967.2 1805.57
19449.2 23907.9
27588.5 45043.7
21376.9 26816.8
9384.51 12905.9
624.292 11247.1
30548.1 34920.6
802.526 12619.6
34190.7 22788.2
3166.06 12670.5
27547.9 41765.4
38486.9 4216.69
4334.21 8694.25
28222.4 4524.57
16326.5 22770.4
31550.6 21929
31197.5 24584.5
9835.3 13915.8
38301.7 1589.38
6981.25 25816.4
28001.3 45306.9
10170.7 11285.6
8847.24 23628.9
3475.54 10997.4
27872.3 42866.6
20358.5 29005.9
27183.3 48289
43534.1 2350.5
29101.9 47165
34181 38350.5
33473.8 23821.6
504.394 10497
20329.3 29421.6
36864.7 4137.02
15298.3 19802.8
1887.87 13959.2
30859.2 19302.8
10265.8 6701.78
33153.4 40295.9
22633.5 40595.6
5127.7 1292.72
31673.8 36663.4
32685 8746.35
10690.1 1646.04
2030.35 13237.1
16664.5 24801.3
31304.3 18435.3
6965.25 24494.5
33264.4 18922.7
26117.2 39105.7
30482.8 6808
30341.8 17866.9
2722.22 11584.9
9947.54 21707.8
16889 29874.1
24122.5 21049.2
10920.8 8645.56
7947.28 27092
22576.8 21826.6
30303.8 23506.9
31930.5 21405.5
16136.4 29349.1
42352 2408.46
36446.5 22391.3
4556.28 12089.7
4683.27 496.279
32296.8 38657.3
38788 410.175
38620.2 3360.29
32834.8 8568.49
38022 2256.18
8860.57 13153.6
38467.3 4410.29
30912 8171.21
32940.3 6432.01
2125.9 13184.1
34942.1 37764.1
31908.7 9113.4
10646 17515.6
5350.08 12206.2
28921.5 48273.7
38781.6 923.962
13009.1 1294.24
5276.72 22682.6
28773 4599.5
28039.1 48106.9
39441.5 199.323
31860.1 20145.5
11392.9 22892
21714 22832.3
19673.2 30544.6
9136.81 2752.72
28671.3 46386.4
31435.5 22089.5
37838.6 2351.57
32696.3 20954.7
31788.9 38288
8434.73 13403.3
12501.7 23271
33750 41593.5
16531.1 27933.5
30607 9480.02
2550.42 10864.1
34841.3 20739.4
3863.64 11203.9
31268.4 44688.4
19848 29888.3
32482.4 10281.6
16265 25812.9
11242.7 6522.09
8733.67 26027.3
31509.1 41100.4
31317.4 44227.1
9416.58 14812.6
8555 17819.8
22847.1 38877.4
27468.7 47262.6
27868.5 41236.4
28835.9 47771.1
26296.9 41218
6020.53 3907.74
30744 7625.78
10282.8 3275.67
33765.8 24713.6
25119.8 39197.7
16477.7 22574.5
38789.3 2604.61
34193.1 23864.2
30559.8 19998.1
3443.54 9474.55
2461.18 14144.2
20516.8 22306.9
25631 40528.1
36495.4 4643.51
6459.18 2682.38
9950.21 22214.1
22124.8 22425.7
33525.3 38268.4
3266.56 11615.9
14595.8 923.237
17496.8 25027.5
5407.68 4185.5
32836.4 41288.9
18332.4 24977.7
27409.8 42816
10953.2 17087.2
28818.9 45319.6
29833.6 37204.4
25845.9 40283
5927.96 2337.8
18959.1 25927.4
17035 20753.8
32709.4 19020.5
1938.54 10856.9
22317.5 40280.4
10285.3 13026.9
30042.2 44141.3
8549.3 26603.9
8479.01 25525.7
40571.5 1147.57
6213.31 22934.3
29450.4 48016.7
10197.6 13311.2
14101.5 20042.7
3203.82 12568.7
4846.07 11273.9
20123.4 29921.4
25517.1 40848.7
40230.1 901.342
14039.9 22942.6
17851.7 28029.9
30227.3 45303.2
8937.94 18324.5
28606 6075.48
24607.2 39772.1
18452.1 25193.3
21782.5 23324
7936.51 22029
29607 40748
18128.3 21346.2
16782.9 26352.9
27465.5 45539.8
19543.2 27904
21850.7 22715.3
31291.2 24788.4
29125.9 48829.2
33042.7 37323.9
15810.7 23837.8
35496.5 37866.7
9922.56 17612
30761.1 24747.7
4177.3 336.042
17126.7 26571.5
26055 38019.2
16947 27838.5
10733.5 19894.6
31583.4 40989.7
10877.8 7296.04
15288.8 26591.4
10007.3 15724.2
22953.3 21615.9
39278.6 3462.47
6855.6 3775.74
35566.3 37721.3
26384 40968.3
10809.9 12212.1
3969.43 12093.1
11242.7 20099.5
14602.3 29649.8
26472.9 42635.7
7161.18 3521.46
21818.6 21818.2
8063.74 24218
19630.5 25380.9
31048.7 5939.77
793.856 13700.9
16724.2 24709.8
7096.73 23806.1
14408.2 29280.3
15846.4 22902
17024.7 19100.8
29466.9 23907.8
10443.5 21902.7
17189.9 19971
31940.6 36407.5
6018.26 1413.25
15375.2 29785.5
894.249 13027.2
20252.3 21559.9
24491.5 39173.9
10720.4 7692.18
1032.22 11073.9
23275.6 38660.3
12378.4 22275.8
18710.2 30223.8
31212.1 34886.5
10492.6 413.422
1710.54 10675
8311.97 25537.9
21188.4 20660.3
31147.1 36377.6
29730.6 10390.7
15345.4 22096.6
1671.21 11686.6
8947.27 22221.3
14792.2 27070
23339.5 38928.4
