37588.8 15268.8
36286.2 49227.4
12003.9 49573.9
12930.9 19332.9
32066.4 18342.3
7995.42 7254.82
4381.68 37894.5
30160.8 23682.9
36545.6 42470.4
9178.96 10595.8
21274.4 27664.6
21342.9 38458.5
6641.69 18007.8
34370.6 23093.7
24617.8 6818.95
40210.7 33183.5
31689.5 11102.5
15264.1 49611.3
38962.8 18886.2
25459.1 32930.3
19772.3 45377
41857 23930
37217.5 21721.5
14949.9 29427.8
20759.9 18085.2
1931.91 44992.8
23425.6 47207.6
10959.4 21212.8
30912.7 21286.6
38920.5 32827.2
35184 9758.84
48645.7 7586.52
19350 29813
4361.55 10643.9
24883.9 46978.2
20558.8 26974.1
44523.9 15128.5
33050.2 13928.1
36899.5 49235.5
15911.7 30710.9
33069.4 40266.7
6128.73 34275.9
22454 449.432
33986.7 30642.2
8468.88 21462.4
36709.7 40138.9
40528.3 24559.2
49270.1 40145.9
6605.93 20995.3
164.898 40209.8
45154.6 40.3089
2314.24 38788.2
46355.9 43030.4
35041.3 6316.72
35802.8 38127.8
16446.8 18163.7
5586.74 13631.7
42252.2 22743
27558.6 22705.7
15271.3 2151.25
19393.6 43710.9
33787.6 47075.1
21877.6 41298.3
7117.68 6763.31
39127 22697.2
37127.3 43351.6
39361.1 4288.14
42696.6 14292.3
25161.8 238.554
41058.7 45919.4
32792.8 44771.7
15.5414 9973.17
12718.5 42169.7
36445.5 122.967
48621 14335.9
30236.1 41563.6
29544 33969.4
11670.9 22496.2
5622.89 30066.6
6212.74 12849.6
37622 30161
10503.9 48647.7
10198.7 43470.8
34744.3 23859.4
20244 48818.5
30336 44096.1
11255.4 29740.6
38013.6 20473.9
3021.27 17571.6
16062.4 47279.2
49814.4 9996.1
47684.7 7105.47
47590.7 32609
38871.1 28971.1
32410.6 10732.8
25946 38565.4
46935.1 47825.8
12917.3 8648.21
30300.3 14204.6
42869.1 10787
3245.63 30230.7
47061.9 35123.3
46613.6 27222.7
1545.1 44478.9
35440.4 22221.6
9301.64 42536.2
11993.7 5712.73
36124.4 1460.53
40876.9 8072.03
548.418 10074.9
23404.8 29320.6
25246.6 2133.58
33808.9 42883.1
7245.55 25512.3
38298.9 44180.4
41509.9 15381.4
2532.59 6457.12
43744.8 8651.51
31410.8 29556.2
15674 832.979
10971.6 6126.15
35744.6 17089.7
48327.1 33128.7
15332.2 48026.5
10462.8 48814.8
15536.1 13458.4
33653.1 42440.7
5573.19 27870.8
2848.18 9100.09
16888.1 41331.3
49097.3 10741
30606 15605.6
14198.4 22139.9
25010.2 44162.6
16153.6 16653
20401.2 23035.1
9561.42 26325.2
19131.8 4813.83
44208.2 24244.8
36489.6 30218.9
6866.1 4011.22
23580.2 37151.9
44918 18223.5
41454.8 11206.4
8041.56 28428.6
19665.4 32716.7
8787.12 47596.3
17938.8 49294.3
29746.1 22108.1
14436.4 7635.72
9605.86 20692.6
48808.5 1231.47
3503.89 17096
4831.59 46866.4
46437.9 24058
29141.2 6142.08
10727.6 38906.7
4436.98 25347.8
26119.4 12586.9
25517.7 5888.59
12137.3 21509
8930.21 16717.9
7337.07 27678.9
3097.9 45375.9
10109.5 45151.5
5599.4 28673.4
47113.6 34039.2
25619.8 10949
30687.7 17858.3
49010.4 42447.7
13103.8 45379.1
30146.1 3977.77
13678 22211.8
5781 36283.3
8971.74 36256
22437.1 29952
23783.1 11737.6
49902.4 12646.7
6405.83 22208.3
28988.1 48407
23481.2 45179
42813 2558.38
21472.9 16482.9
32553.1 14152
10460.1 24541
10671.5 33374.5
41945.2 38461.6
46184.6 34549.1
3552.94 11708.9
42730.7 39276.3
43554.3 44496.7
44513.5 19133.1
28070.6 12481
11804.8 45645.4
2604.9 41774.7
12275.2 3528.96
26144.2 29834.7
48699.8 37803.7
25863.3 43693.5
24851.2 31496.9
8691.91 30147.6
17802.2 12546.7
17558.9 34211.7
33626 14348.5
47001.1 2612.75
39852.1 36244.7
33683 9182.58
41126.3 28615.7
6269.14 36896.5
3508.98 35829.9
40540 15807.6
36806.2 34677.5
21051 37337.5
45291 49032.9
70.5193 10992.1
776.661 7530.03
28705.9 17717.7
40440.1 32823
15620.8 8463.45
14134.6 6021.69
24225.4 6883.84
8344.44 38239.2
36834.2 30671
30456 11990.2
41708.3 7392.36
7875.84 7080.58
25918.7 35285.6
37713.3 2885.9
31724.3 40810.1
37932.4 36596.5
12866.7 42291.7
5160.82 15167.1
42425.4 17522.6
18177.7 30496
9213.69 27269.2
22622.7 15801.7
348.282 36.2183
29412.6 46890.9
