10400.3 21620.4
12098.7 20833.2
9159.38 21309.9
9392.5 21985.2
1559.1 14453.5
11168 20803.3
30113.3 6928.37
10945.1 6588.7
34816.9 21092.8
31382.7 7481.51
1314.61 13144.6
19406.1 22099.2
9965.52 20478.9
9186.83 20235.5
39219.4 885.36
19237.8 24998.3
29583 7033.53
1788.99 15032.6
29892.2 6475.77
10665.4 22262.2
13243.1 22854.4
10690.8 23120.8
802.526 12619.6
38301.7 1589.38
18385.8 24961.3
39560.9 237.879
2080.31 13183.4
11567.6 22319.2
1887.87 13959.2
10265.8 6701.78
2030.35 13237.1
16664.5 24801.3
10695.9 21978.1
34386.3 19839.5
9947.54 21707.8
19690.9 21830.7
10920.8 8645.56
38788 410.175
38022 2256.18
2125.9 13184.1
8815.7 21626.6
38781.6 923.962
8898.15 3124.55
39441.5 199.323
11392.9 22892
9136.81 2752.72
37838.6 2351.57
12501.7 23271
34841.3 20739.4
11242.7 6522.09
31509.1 41100.4
30794.1 41060.9
30744 7625.78
2461.18 14144.2
9950.21 22214.1
17496.8 25027.5
18332.4 24977.7
18959.1 25927.4
10018.1 21297.1
14039.9 22942.6
29607 40748
29578.2 41566.6
30272.2 40870
10733.5 19894.6
31583.4 40989.7
10877.8 7296.04
19630.5 25380.9
16724.2 24709.8
10443.5 21902.7
894.249 13027.2
20252.3 21559.9
10720.4 7692.18
12378.4 22275.8
907.093 12738.3
8947.27 22221.3
