34655.5 37907.5
9792.07 16340.2
19401.9 37964.1
12744.7 1010.29
1756.16 10722.5
6899.45 25601.2
7945.86 24503.5
23318.2 41001.3
26733.3 47298.2
6094.21 2600.79
11268.3 18776.4
26675.6 43370.9
5921 26069
11343.7 12251.3
33213.9 41047.5
10889.6 18121.4
6997.72 23752.4
5256.29 4748.97
17416.7 21770.9
31873.3 37373.7
31607.1 19776.7
24653.5 38348.3
19155.1 27986.1
27352.8 40698.6
34719.8 22410.1
9159.38 21309.9
25047 40047.5
8935.56 11851.4
10480.7 16681
35827.1 7.55787
10660.1 11685
33105.7 38008.2
18587.2 22796.8
30916.8 24615.5
29410.5 8913.52
5414.61 7445.34
9392.5 21985.2
16330.4 29133.5
24529.9 38656.8
13775.3 25549.4
10349.3 3653.96
15347.8 25600
15898.5 21721.1
30337.5 43439.3
6470.11 25832.8
17570.5 21063
29089.6 36613.8
28503.2 46338.7
30553.7 39389.4
4236.53 24224.5
20305.8 39157.5
26647.4 4880.97
30879.3 9692.25
8276.31 15640.7
36405.5 24520.5
32576.5 5736.37
5881.02 12111.8
3974.14 1108.99
25382.1 42008.9
8978.23 12794.4
37972.1 23136.4
9419 12272
31393.7 12877.8
29597.9 7740.92
22296 20662
25959.2 8329.91
32658.3 18372.6
14731.3 27147.9
5243.44 24490.1
31382.7 7481.51
28628.9 44443.4
8855.79 15453.1
32075.8 23530.5
9762.52 15376.2
37609.9 1782.24
31953 10015.9
7311.93 20706.1
30602.3 44383
8926.86 25290.8
27628.8 39976
22601.1 38011.1
30347.7 36903.9
4422.28 2728.53
7233.22 15926
41292.9 1513.18
30705.7 12315.5
10629.3 23153.4
12411.2 25210.5
22175 41053
9631.72 14491.4
23952.6 38986.1
23701 7962.3
18263 27292.4
1788.99 15032.6
18383.1 23300.2
802.617 11598
17822.6 25716
27947.4 47252
10690.8 23120.8
20811.3 31359
12967.2 1805.57
19449.2 23907.9
26697.3 44918.4
21376.9 26816.8
6583.56 21254
23396.5 18842.5
26323 8960.84
9384.51 12905.9
23550.8 8709.48
902.407 10391.1
30548.1 34920.6
802.526 12619.6
34096.6 21893.1
3166.06 12670.5
27547.9 41765.4
38486.9 4216.69
6718.25 3965.64
5080.34 8190.98
28222.4 4524.57
16326.5 22770.4
32415.7 22177.1
31197.5 24584.5
9835.3 13915.8
7565.5 27884.8
6981.25 25816.4
6780.53 7846.88
6206.89 7512.54
20574.4 38490.2
28001.3 45306.9
10170.7 11285.6
9641.89 23206.4
3475.54 10997.4
27872.3 42866.6
36663 23426.6
27183.3 48289
36098.9 515.914
44328.8 2773.03
29101.9 47165
34181 38350.5
33473.8 23821.6
26855.5 8829.71
36832 24568.9
20329.3 29421.6
6075.18 11677.3
4052.21 4023.76
36864.7 4137.02
25291.4 19667.5
29602.1 39423.5
30859.2 19302.8
33153.4 40295.9
22633.5 40595.6
5252.96 2183.96
31673.8 36663.4
32685 8746.35
10690.1 1646.04
2030.35 13237.1
16664.5 24801.3
31304.3 18435.3
33264.4 18922.7
24913.6 7953.77
25261.3 39383.8
29793.4 6229.49
15360.9 158.527
2722.22 11584.9
16199.6 30452.6
23811.8 19600.4
34891.5 3908.15
7947.28 27092
22576.8 21826.6
30303.8 23506.9
5254.34 12604.3
31930.5 21405.5
36694.1 1854.29
16136.4 29349.1
42352 2408.46
37341.5 22485.3
4556.28 12089.7
4683.27 496.279
32296.8 38657.3
37720.7 3391.7
32834.8 8568.49
8860.57 13153.6
38467.3 4410.29
30755.7 9057.54
34467.7 318.706
32940.3 6432.01
34942.1 37764.1
19884.9 38250.3
35477.5 1208.26
34925 139.189
24548 41695.8
31908.7 9113.4
11012.1 16693.5
20471.4 38096.3
5350.08 12206.2
28921.5 48273.7
13831.3 928.175
5276.72 22682.6
28773 4599.5
28039.1 48106.9
31860.1 20145.5
4473.69 23637.1
6692.49 20709.4
20967.9 22329.1
20571 30481.8
28933.4 39861.7
28671.3 46386.4
30640.9 21667
31987.1 21508.8
31788.9 38288
8434.73 13403.3
12501.7 23271
33750 41593.5
16531.1 27933.5
30607 9480.02
34198.8 36330.9
2798.49 11729.2
3863.64 11203.9
35353.9 734.717
31268.4 44688.4
19848 29888.3
32482.4 10281.6
16265 25812.9
35670 21160.4
9981.53 6770.9
9633.12 25995.9
31509.1 41100.4
29821.8 11314.3
31650.9 13308.7
31317.4 44227.1
8481.11 12216.4
9416.58 14812.6
8555 17819.8
22690.8 37991.1
26991.8 46499.4
27868.5 41236.4
23968.8 10100.8
25403.8 6906.62
27962.7 47553.3
3986.37 3530.98
6020.53 3907.74
23500 9300
30744 7625.78
23831.2 8351.92
10282.8 3275.67
33765.8 24713.6
25119.8 39197.7
16477.7 22574.5
39478.7 2026.1
34193.1 23864.2
30559.8 19998.1
24457.6 9178.01
24785.9 20342.7
4212.61 3137.18
3443.54 9474.55
20592.4 37768.2
4926.38 10347
21416.2 22275.5
25631 40528.1
35700.8 5066.03
5603.22 2404.27
22124.8 22425.7
32703.1 38634.5
2420.84 11308.1
14258.7 88.7712
17496.8 25027.5
5407.68 4185.5
7887.65 16381.7
32836.4 41288.9
4600.93 24502.9
26927.7 9126.61
18332.4 24977.7
27409.8 42816
10953.2 17087.2
5791.04 21735.5
28818.9 45319.6
32615.6 13268.2
27616.8 6379.79
29833.6 37204.4
26424.4 40972.4
5927.96 2337.8
25999.8 44851.7
18959.1 25927.4
23315.1 9402.68
32709.4 19020.5
1938.54 10856.9
22317.5 40280.4
10285.3 13026.9
30379.3 43306.8
8549.3 26603.9
41280.7 593.479
6213.31 22934.3
29450.4 48016.7
10197.6 13311.2
34372.6 36036.2
14101.5 20042.7
3203.82 12568.7
3959.74 11430.1
26669.7 6571.8
20123.4 29921.4
26382.2 41096.8
29545.5 39369.3
40230.1 901.342
14039.9 22942.6
17851.7 28029.9
30227.3 45303.2
9818.28 18137.4
27740.9 6323.56
25684.1 7747.9
24607.2 39772.1
18818.1 26015.4
20902.1 23511.1
7658.39 21173
18128.3 21346.2
16782.9 26352.9
32822 14006.9
27812.4 11406.6
37353.6 23090.5
19543.2 27904
21850.7 22715.3
24245.9 9599.82
31291.2 24788.4
29125.9 48829.2
15810.7 23837.8
3530.24 1144.34
35496.5 37866.7
10591.4 17009.8
30761.1 24747.7
4177.3 336.042
17126.7 26571.5
28594.7 40611.2
35358.9 4491.53
7616.14 16030
26055 38019.2
16947 27838.5
27846.7 11334.7
10733.5 19894.6
29561.9 10773.5
35955.6 1572.41
15288.8 26591.4
21351 28857.3
9142.2 15972.2
22953.3 21615.9
39278.6 3462.47
6046.69 4170.27
35566.3 37721.3
26384 40968.3
11604.5 11789.6
3969.43 12093.1
32068.2 24843.8
10876.7 20921.7
14602.3 29649.8
24019.5 19806.3
32918.2 36376.8
26472.9 42635.7
4543.51 22971.5
7161.18 3521.46
21818.6 21818.2
25942.5 7028.72
8063.74 24218
5010.58 24582.9
31048.7 5939.77
37835.3 22383.4
1159.92 12878.8
6909.61 22925.8
14408.2 29280.3
17024.7 19100.8
29466.9 23907.8
17189.9 19971
32735.3 36830
6018.26 1413.25
33269.6 14229.7
15375.2 29785.5
20252.3 21559.9
4180.5 24069.3
24491.5 39173.9
1032.22 11073.9
23275.6 38660.3
28772.5 10593.9
12378.4 22275.8
6870.16 6820.44
18710.2 30223.8
35514.5 4835.14
31212.1 34886.5
11255.9 890.349
1710.54 10675
8311.97 25537.9
21188.4 20660.3
31147.1 36377.6
28835.5 10296.6
4079.12 22562.4
27270.4 5485.27
14792.2 27070
23339.5 38928.4
