39494.1 16368.8
34246.4 48403.2
13234.1 47750.1
14616.2 17918.8
34266.4 18342.3
8072.2 9453.48
2746.76 39366.6
28068.5 23003
37298.1 44537.7
7000.37 10289.7
22504.6 29488.5
19609.3 39812.9
7741.69 19913
32504.9 24259.5
26784.4 7200.97
40743 35318.1
30459.3 12926.3
17241.4 48646.9
38138.7 20926.1
26689.3 31106.5
19019.9 47444.3
39847.2 23035.1
38041.6 19681.7
15702.4 27360.5
22852.2 18765
1037.09 47002.6
25492.9 46455.1
13147.3 20982.8
31519.1 19171.8
40960.3 33651.3
33360.1 10989.1
49748.9 6724.6
18250 31718.3
4208.09 8449.24
23150.3 45623.7
21016.2 29126
46718.5 14975
33802.6 15995.4
38424.6 49299.2
16065.1 32905.5
35264 40113.2
7711.28 32747.6
23041.7 1258.45
36054.1 29889.8
6270.22 21385.7
34767.2 41171.7
47741.9 41728.4
4491.16 20388.9
1227.96 41268
44729.8 1815
2391.02 40986.9
47108.4 45097.7
34217.2 4276.91
35879.6 40326.5
18561.5 17557.3
3853.11 12277.2
42784.4 20608.4
28851.7 24485.6
13092.7 2457.43
21581.6 43940.9
33255.3 44940.5
22630 43365.6
7194.46 8961.97
41166.9 23521.3
34992.6 43883.8
41224.5 15927.2
27360.5 315.333
38892.1 45537.4
32716 46970.3
2002.52 9724.36
13751.3 40227.2
37973.8 1705.52
47390.8 16159.8
31269 39621.1
27720.1 35199.7
13822.9 22953.6
6587.31 28089.3
4919.61 14629.4
35487.4 30693.2
12691.9 48877.7
10951.1 41403.5
33216 22276.9
22336.4 49498.4
30336 46296.1
9475.55 28447.5
40180.2 20091.8
2489.04 19706.3
18004.9 48312.1
48743.8 11185.1
48066.8 4938.89
48821 34432.9
37906.7 26993.7
30677 9378.3
24473.9 40200.3
48800.8 46659.9
15105.3 8878.18
30530.3 16392.5
42262.7 8672.22
1610.72 28758.6
45376.6 33709.2
45649.2 29200
3450.36 43378.9
35286.9 24416.2
11311.4 41641.4
13159.5 7578.44
38312.3 1230.57
42291 6386.73
2130.97 11603.1
23098.6 27142
23236.8 3028.4
33732.1 40684.4
9255.35 24617.5
40032.6 45534.8
43688.5 15687.6
397.938 6989.35
42644.8 6746.25
31334 27357.5
15674 3032.98
9805.8 4260.44
37379.6 15617.6
49799.2 31493.7
16625.3 49806.4
8880.29 47286.5
15003.9 15593.1
34477.2 44480.5
5191.16 30037.4
905.694 10132.9
14721.6 40949.3
49862 9713.66
30606 17805.6
16333.1 22672.2
24115.3 46172.4
14211.1 15620.2
19436.8 25012.4
9029.19 28459.8
17266.1 5979.66
46342.8 23712.6
38688.2 30142.1
8875.9 4906.04
21894.9 38566.1
42803.2 17617.1
40288.9 13072.1
8347.75 30607.2
21865.4 32716.7
10472.4 49010.4
16645.6 47514.4
28922 24147.9
12248.4 7865.68
9452.4 22887.3
49715.3 498.14
4858.35 18829.7
7019.54 47096.4
28461.3 4049.75
11760.4 36964.2
6631.62 25501.3
23967.5 12129.5
25594.5 3689.93
10609 19926.4
11022.5 16038.1
8751.2 29364.2
4732.82 43903.9
8042.13 45904
7798.06 28596.6
46656.2 31887.3
23419.8 10949
29654.9 15915.8
49416 41868.4
12139.4 47356.4
29688.7 6129.69
14710.8 24154.3
7560.84 34990.2
8365.34 34141.3
20270.5 29569.9
23706.3 13936.2
49007.6 14656.5
8584.42 22514.5
29141.6 46212.4
22874.8 47293.7
41033.2 3851.51
23565.2 15803
32246.9 16330.6
11814.6 26274.6
9638.7 31432.1
42402.6 36309.7
47819.5 33077
4159.34 13823.7
42577.2 37081.7
43784.2 42308.8
43833.7 21225.4
26840.3 14304.8
11198.4 47760.1
4338.52 43129.1
11109.3 1663.26
24616 28252.1
49700.3 36458.8
27029.1 41827.8
23117.6 32851.4
7797.09 28137.8
16330.1 14181.6
18789.1 32387.8
34919.1 12568.6
46543.7 4764.68
39545.9 34066.1
34976.1 7402.74
41878.7 30683
4074.49 36743.1
1980.73 34247.3
42728 15577.7
39004.9 34600.7
18852.4 37414.2
46735.1 49385.6
2124.63 11428.8
1147.53 7380.18
29805.9 15812.5
38660.2 31529.9
14726 10473.3
13382.2 3954.36
25579.9 5150.21
6439.18 39339.2
36757.4 32869.6
30609.5 14184.9
39765.8 8425.2
10027.8 7537.98
27784.4 36451.4
36547.5 1020.19
32824.3 38904.8
35765.8 36978.5
14032.5 44157.4
4703.42 13015.2
44159 16168.1
20120.2 31528.8
11401.6 27039.2
23004.7 13635.1
501.746 2230.86
31278.3 48056.7
