34655.5 37907.5
1756.16 10722.5
6899.45 25601.2
6798.03 23893.2
23318.2 41001.3
11268.3 18776.4
26675.6 43370.9
5921 26069
10400.3 21620.4
33213.9 41047.5
10889.6 18121.4
7088.4 25049.2
5256.29 4748.97
16136.4 21545.2
31223.3 36247.8
31607.1 19776.7
24653.5 38348.3
19155.1 27986.1
28614.2 41013.1
34719.8 22410.1
13002.8 23878.7
9159.38 21309.9
25047 40047.5
33105.7 38008.2
18587.2 22796.8
31052.7 23322.6
29410.5 8913.52
4362.88 8209.46
9392.5 21985.2
25817.2 38837.7
13775.3 25549.4
10349.3 3653.96
15347.8 25600
15898.5 21721.1
15616.8 22773.6
29038.3 43484.6
18706.6 21763.5
6470.11 25832.8
16518.8 21827.1
29089.6 36613.8
28503.2 46338.7
1559.1 14453.5
30998.3 38167.8
15067.3 19536.4
30113.3 6928.37
21605.1 39202.9
30879.3 9692.25
32395.6 7023.71
10945.1 6588.7
29507.2 6444.09
22296 20662
31968.8 24042.1
32658.3 18372.6
14731.3 27147.9
9691.22 19787.5
31382.7 7481.51
28628.9 44443.4
32256.8 22243.2
1314.61 13144.6
37251.6 3031.88
31953 10015.9
30602.3 44383
8926.86 25290.8
20808.4 25952
9965.52 20478.9
22072.3 39198.7
30347.7 36903.9
9186.83 20235.5
5548.12 3378.53
39219.4 885.36
41292.9 1513.18
19237.8 24998.3
30435.4 11043.9
9604.89 22353
12411.2 25210.5
22175 41053
23952.6 38986.1
18263 27292.4
1788.99 15032.6
29892.2 6475.77
18383.1 23300.2
13513.5 25211.5
1452.62 12723.8
16720.1 25027.1
27947.4 47252
10690.8 23120.8
12967.2 1805.57
19449.2 23907.9
27984.6 45099.4
500.685 11627.5
30548.1 34920.6
802.526 12619.6
34232.5 23186
27547.9 41765.4
38486.9 4216.69
4002.59 8917.93
28222.4 4524.57
16326.5 22770.4
31166.1 21818.8
38301.7 1589.38
6981.25 25816.4
28001.3 45306.9
8494.06 23816.7
27872.3 42866.6
20183.1 28646.4
27183.3 48289
43181 2162.71
29101.9 47165
34181 38350.5
33473.8 23821.6
421.229 10888.3
20329.3 29421.6
36864.7 4137.02
14966.7 20026.5
1887.87 13959.2
30859.2 19302.8
10265.8 6701.78
33153.4 40295.9
22633.5 40595.6
31673.8 36663.4
32685 8746.35
10690.1 1646.04
2030.35 13237.1
16664.5 24801.3
31304.3 18435.3
7296.87 24270.8
33264.4 18922.7
26497.7 38982.1
30789.2 7065.11
30701.3 18042.2
9947.54 21707.8
17195.4 29616.9
23728.6 21118.7
10920.8 8645.56
7947.28 27092
22576.8 21826.6
30303.8 23506.9
31930.5 21405.5
42352 2408.46
36048.7 22349.5
32296.8 38657.3
38788 410.175
39019.9 3346.33
32834.8 8568.49
38022 2256.18
38467.3 4410.29
30981.5 7777.29
32940.3 6432.01
2125.9 13184.1
34942.1 37764.1
31908.7 9113.4
10483.3 17881.1
28921.5 48273.7
38781.6 923.962
12643.7 1456.93
5276.72 22682.6
28773 4599.5
28039.1 48106.9
39441.5 199.323
31860.1 20145.5
11392.9 22892
22045.6 23056
19274.2 30572.5
9136.81 2752.72
28671.3 46386.4
31788.7 22277.3
37838.6 2351.57
31788.9 38288
12501.7 23271
33750 41593.5
16531.1 27933.5
30607 9480.02
2440.16 10479.6
34841.3 20739.4
31268.4 44688.4
19848 29888.3
32482.4 10281.6
16265 25812.9
11242.7 6522.09
8333.92 26041.3
31509.1 41100.4
31317.4 44227.1
8555 17819.8
22916.6 39271.3
27680.7 47601.9
27868.5 41236.4
29224.1 47867.8
26696.6 41204
6020.53 3907.74
30744 7625.78
10282.8 3275.67
33765.8 24713.6
25119.8 39197.7
16477.7 22574.5
38482.9 2861.72
34193.1 23864.2
30559.8 19998.1
3443.54 9474.55
2461.18 14144.2
20117 22320.9
25631 40528.1
36848.6 4455.72
6839.6 2805.99
9950.21 22214.1
22124.8 22425.7
33890.8 38105.7
17496.8 25027.5
5407.68 4185.5
32836.4 41288.9
18332.4 24977.7
27409.8 42816
28818.9 45319.6
29833.6 37204.4
25588.8 39976.6
18959.1 25927.4
17035 20753.8
32709.4 19020.5
1938.54 10856.9
22317.5 40280.4
29892.3 44512.1
8549.3 26603.9
8615.81 25149.8
40256.3 1393.84
6213.31 22934.3
29450.4 48016.7
14101.5 20042.7
20123.4 29921.4
25132.6 40738.4
40230.1 901.342
14039.9 22942.6
17851.7 28029.9
30227.3 45303.2
8546.69 18407.6
28990.5 5965.23
24607.2 39772.1
18289.4 24827.8
22173.7 23240.9
8060.12 22409.4
29607 40748
18128.3 21346.2
16782.9 26352.9
27653.3 45186.6
19543.2 27904
21850.7 22715.3
29125.9 48829.2
32796.4 37639.1
15810.7 23837.8
35496.5 37866.7
9625.3 17879.7
17126.7 26571.5
26055 38019.2
16947 27838.5
10733.5 19894.6
31583.4 40989.7
10877.8 7296.04
15288.8 26591.4
22953.3 21615.9
39278.6 3462.47
7215.12 3600.39
35566.3 37721.3
26384 40968.3
11405.4 19734.1
26472.9 42635.7
7161.18 3521.46
21818.6 21818.2
8063.74 24218
19630.5 25380.9
31048.7 5939.77
16724.2 24709.8
7179.9 24197.4
15846.4 22902
17024.7 19100.8
29466.9 23907.8
10443.5 21902.7
17189.9 19971
31587.5 36219.7
894.249 13027.2
20252.3 21559.9
24491.5 39173.9
10720.4 7692.18
1032.22 11073.9
23275.6 38660.3
12378.4 22275.8
18710.2 30223.8
31212.1 34886.5
10153.4 201.454
1710.54 10675
8311.97 25537.9
21188.4 20660.3
31147.1 36377.6
30128.4 10432.5
15345.4 22096.6
1436.1 12010.2
8947.27 22221.3
14792.2 27070
23339.5 38928.4
