38454.8 15768.8
35359 48852.7
12563.1 48744.9
13697 18690.2
33066.4 18342.3
8030.32 8254.21
3638.53 38563.6
29209.8 23373.9
36887.7 43410.1
8188.69 10456.7
21833.6 28493.7
20554.9 39074.1
7141.69 18873.8
33522.5 23623.6
25602.6 6992.59
40452.7 34153.8
31130.4 11931.5
16162.9 49172.9
38588.2 19813.4
26018.3 32101.3
19430.3 46316.6
40943.5 23523.2
37592.1 20794.3
15291.9 28488.1
21711 18394.2
1525.17 45906.3
24365.3 46865.5
11953.9 21108.3
31188.3 20325.3
39847.7 33201.8
34354.9 10318
49433.7 6970.86
18850 30679
4291.8 9646.31
24095.9 46362.5
20766.7 27952.2
45521.4 15058.7
33392.2 14867.8
37728.6 49794.7
15981.4 31708.4
34067 40196.9
6848.07 33581.2
22336.4 287.628
34926.4 30300.2
7469.49 21427.5
35826.7 40608.4
39550.2 24351.3
48575.5 40865.2
5644.67 20719.7
39.6418 41101
44813.5 617.92
2349.14 39787.6
46697.9 43970.1
34666.7 5389.53
35837.7 39127.2
17408 17888.1
4798.73 13016
42494.1 21772.7
28146.4 23514.8
14281 2290.42
20388.2 43815.5
33545.6 46104.8
22219.6 42238
7152.58 7762.71
40054.2 23071.8
36157 43593.5
40003.9 5054.18
42027.4 15035.4
26161.2 273.454
40073.8 45745.8
32757.9 45771.1
820.752 9932.74
13187.9 41286.8
37140.2 842.307
48061.8 15165
30705.6 40680.6
28714.9 34528.6
12649.1 22704.1
6061.26 29167.9
5624.95 13658.6
36651.7 30402.9
11498.4 48752.2
10540.7 42531.2
34049.6 23140.1
21195.1 49127.5
30336 45096.1
10446.4 29152.8
38998.4 20300.2
2779.35 18541.9
16945.4 47748.7
49546.8 10293.4
47858.4 6120.66
48149.9 33438
38432.7 28072.3
31622.6 10117.1
25276.9 39308.5
47783.1 47295.8
13911.8 8752.74
30404.9 15199.1
42593.4 9825.74
2502.49 29561.6
46295.8 34480.5
46175.2 28121.4
2411.13 43978.9
35370.6 23219.1
10215.2 42129.5
12523.6 6560.78
37118.9 1356.01
41519.6 7305.98
1267.76 10769.5
23265.6 28330.4
24333 2540.31
33774 41883.7
8159.09 25105.6
39086.9 44796
42500.2 15520.6
1562.29 6699.04
43244.8 7785.48
31375.9 28556.8
15674 1832.98
10441.7 5278.1
36487.8 16420.6
48996.2 32385.5
15920 48835.6
9743.49 48120.1
15294.2 14428.7
34027.7 43367.9
5399.54 28855.6
1965.23 9569.56
15903.3 41157.6
49996.8 10709.6
30606 16605.6
15168.7 22381.9
24603.4 45076.1
15270.6 16183.5
19962.8 23933.9
9319.5 27295.5
18283.8 5343.75
45178.5 24002.9
37489 30184
7779.64 4417.95
22814.1 37794.7
43956.7 17947.8
40924.8 12054.5
8180.74 29418.9
20665.4 32716.7
9553.17 48239.1
17351 48485.2
29371.5 23035.3
13441.9 7740.25
9536.11 21690.2
49798.8 1092.3
4119.55 17884
5826.11 46971
46230 25036.1
28832.2 5191.02
11197.1 38023.7
5434.55 25417.6
25141.3 12379
25552.6 4889.2
11442.6 20789.6
9881.27 16408.9
7979.86 28445
3841.04 44706.8
9169.76 45493.5
6598.79 28638.5
46905.7 33061.1
24619.8 10949
30218.3 16975.4
49995.2 42274
12665.4 46277.9
29938.2 4955.91
14147.4 23094.7
6590.02 35695.6
8696.1 35294.8
21452.3 29778.3
23748.2 12737
49495.7 13560.2
7396.09 22347.4
29057.9 47409.4
23205.5 46140.2
42004 3146.17
22423.9 16173.8
32414 15142.2
11075.8 25329
10202.1 32491.6
42153.1 37483.5
46927.7 33880
3828.57 12670.2
42660.9 38278.8
43658.8 43502.2
44204.5 20084.2
27511.4 13310
11529.1 46606.6
3392.91 42390.3
11745.2 2680.91
25449.6 29115.3
49508.8 37215.9
26393.2 42845.4
24063.2 32112.6
8285.17 29234.1
17133.1 13289.8
18118.1 33382.7
34213.7 13539.5
46793.2 3590.9
39712.9 35254.4
34270.8 8373.56
41468.3 29555.4
5271.57 36826.8
2814.32 35110.5
41534.5 15703.1
37805.6 34642.6
20051.6 37372.4
45850.2 49861.9
950.852 11179.3
34.914 7829.71
29205.9 16851.7
39631.1 32235.3
15214.1 9377
13792.6 5081.99
24841.1 6095.83
7478.41 38739.2
36799.3 31670.4
30525.8 12987.8
40825.3 7861.83
8853.99 7288.49
26766.8 35815.5
37183.4 2037.85
32224.3 39944.1
36947.6 36770.1
13396.6 43139.7
4952.91 14188.9
43213.4 16906.9
19060.7 30965.4
10208.2 27164.6
22796.3 14816.9
418.038 1033.78
30260.6 47420.8
