34655.5 37907.5
9792.07 16340.2
13540.3 1093.92
1756.16 10722.5
6899.45 25601.2
7239.5 24128
23318.2 41001.3
26733.3 47298.2
5794.53 1859.04
11268.3 18776.4
26675.6 43370.9
5921 26069
10400.3 21620.4
11343.7 12251.3
33213.9 41047.5
10889.6 18121.4
7053.53 24550.4
5256.29 4748.97
16628.8 21632
31473.3 36680.8
31607.1 19776.7
24653.5 38348.3
19155.1 27986.1
28129 40892.1
34719.8 22410.1
13002.8 23878.7
9159.38 21309.9
25047 40047.5
10480.7 16681
10660.1 11685
33105.7 38008.2
18587.2 22796.8
31000.4 23819.8
29410.5 8913.52
4767.39 7915.57
9392.5 21985.2
16330.4 29133.5
25322.1 38768.1
13775.3 25549.4
10349.3 3653.96
15347.8 25600
15898.5 21721.1
15616.8 22773.6
29538 43467.2
19170.1 21576.2
6470.11 25832.8
16923.3 21533.2
29089.6 36613.8
28503.2 46338.7
1559.1 14453.5
30827.3 38637.6
15542.9 19381.9
30113.3 6928.37
21105.4 39185.4
30879.3 9692.25
8276.31 15640.7
32465.2 6528.58
10945.1 6588.7
5881.02 12111.8
3526.78 445.76
8978.23 12794.4
9419 12272
29542.1 6942.87
22296 20662
31621.4 24401.8
32658.3 18372.6
14731.3 27147.9
9691.22 19787.5
31382.7 7481.51
28628.9 44443.4
8855.79 15453.1
32187.2 22738.3
1314.61 13144.6
9762.52 15376.2
37389.4 2551.24
31953 10015.9
30602.3 44383
8926.86 25290.8
20979.4 26421.8
9965.52 20478.9
22275.7 38742
30347.7 36903.9
9186.83 20235.5
5115.11 3128.53
39219.4 885.36
41292.9 1513.18
19237.8 24998.3
30539.4 11533
9998.89 22660.8
12411.2 25210.5
22175 41053
9631.72 14491.4
23952.6 38986.1
18263 27292.4
1788.99 15032.6
29892.2 6475.77
18383.1 23300.2
13860.9 25571.1
1202.62 12290.8
17144.1 25292
27947.4 47252
10690.8 23120.8
12967.2 1805.57
19449.2 23907.9
27489.5 45029.8
21376.9 26816.8
9384.51 12905.9
655.193 11152
30548.1 34920.6
802.526 12619.6
34180.2 22688.7
3166.06 12670.5
27547.9 41765.4
38486.9 4216.69
6392.86 4696.48
4417.11 8638.34
28222.4 4524.57
16326.5 22770.4
31646.7 21956.6
31197.5 24584.5
9835.3 13915.8
38301.7 1589.38
6981.25 25816.4
20574.4 38490.2
28001.3 45306.9
10170.7 11285.6
8935.53 23582
3475.54 10997.4
27872.3 42866.6
20402.3 29095.7
27183.3 48289
43622.4 2397.45
29101.9 47165
34181 38350.5
33473.8 23821.6
525.185 10399.2
20329.3 29421.6
6075.18 11677.3
36864.7 4137.02
15381.2 19746.9
1887.87 13959.2
30859.2 19302.8
10265.8 6701.78
33153.4 40295.9
22633.5 40595.6
5141.62 1391.75
31673.8 36663.4
32685 8746.35
10690.1 1646.04
2030.35 13237.1
16664.5 24801.3
31304.3 18435.3
6882.35 24550.4
33264.4 18922.7
26022.1 39136.6
30406.2 6743.72
30251.9 17823
2722.22 11584.9
9947.54 21707.8
16812.4 29938.3
24221 21031.9
10920.8 8645.56
7947.28 27092
22576.8 21826.6
30303.8 23506.9
5254.34 12604.3
31930.5 21405.5
16136.4 29349.1
42352 2408.46
36545.9 22401.7
4556.28 12089.7
4683.27 496.279
32296.8 38657.3
38788 410.175
38520.2 3363.78
32834.8 8568.49
38022 2256.18
8860.57 13153.6
38467.3 4410.29
30894.7 8269.7
32940.3 6432.01
2125.9 13184.1
34942.1 37764.1
19884.9 38250.3
31908.7 9113.4
10686.7 17424.3
5350.08 12206.2
28921.5 48273.7
38781.6 923.962
13100.5 1253.56
5276.72 22682.6
28773 4599.5
28039.1 48106.9
39441.5 199.323
31860.1 20145.5
11392.9 22892
21631.1 22776.4
19772.9 30537.6
9136.81 2752.72
28671.3 46386.4
31347.2 22042.6
37838.6 2351.57
32617.5 21016.3
31788.9 38288
8434.73 13403.3
12501.7 23271
33750 41593.5
16531.1 27933.5
30607 9480.02
2577.98 10960.2
34841.3 20739.4
3863.64 11203.9
31268.4 44688.4
19848 29888.3
32482.4 10281.6
16265 25812.9
11242.7 6522.09
8833.61 26023.8
31509.1 41100.4
31317.4 44227.1
8481.11 12216.4
9416.58 14812.6
8555 17819.8
22829.7 38778.9
27415.7 47177.8
27868.5 41236.4
28738.9 47746.9
26196.9 41221.5
6020.53 3907.74
30744 7625.78
10282.8 3275.67
33765.8 24713.6
25119.8 39197.7
16477.7 22574.5
38865.9 2540.33
34193.1 23864.2
30559.8 19998.1
24785.9 20342.7
4212.61 3137.18
3443.54 9474.55
2461.18 14144.2
20592.4 37768.2
4926.38 10347
20616.7 22303.4
25631 40528.1
36407.1 4690.45
6364.07 2651.48
9950.21 22214.1
22124.8 22425.7
33434 38309.1
3172.59 11581.7
14558.4 830.518
17496.8 25027.5
5407.68 4185.5
7887.65 16381.7
32836.4 41288.9
18332.4 24977.7
27409.8 42816
10953.2 17087.2
28818.9 45319.6
29833.6 37204.4
25910.2 40359.6
5927.96 2337.8
18959.1 25927.4
17035 20753.8
32709.4 19020.5
1938.54 10856.9
22317.5 40280.4
10285.3 13026.9
30079.6 44048.5
8549.3 26603.9
8444.8 25619.6
40650.3 1086.01
6213.31 22934.3
29450.4 48016.7
10197.6 13311.2
14101.5 20042.7
3203.82 12568.7
4747.59 11291.2
20123.4 29921.4
25613.2 40876.2
40230.1 901.342
14039.9 22942.6
17851.7 28029.9
30227.3 45303.2
9035.76 18303.7
28509.9 6103.05
24607.2 39772.1
18492.8 25284.6
21684.7 23344.8
7905.61 21933.9
29607 40748
18128.3 21346.2
16782.9 26352.9
27418.6 45628.1
19543.2 27904
21850.7 22715.3
31291.2 24788.4
29125.9 48829.2
33104.3 37245.1
15810.7 23837.8
35496.5 37866.7
9996.87 17545.1
30761.1 24747.7
4177.3 336.042
17126.7 26571.5
7616.14 16030
26055 38019.2
16947 27838.5
10733.5 19894.6
31583.4 40989.7
10877.8 7296.04
15288.8 26591.4
9911.21 15751.7
22953.3 21615.9
39278.6 3462.47
6765.72 3819.58
35566.3 37721.3
26384 40968.3
10898.2 12165.2
3969.43 12093.1
11202.1 20190.9
14602.3 29649.8
24019.5 19806.3
32918.2 36376.8
26472.9 42635.7
4543.51 22171.5
7161.18 3521.46
21818.6 21818.2
8063.74 24218
19630.5 25380.9
31048.7 5939.77
834.53 13609.6
16724.2 24709.8
7075.94 23708.3
14408.2 29280.3
15846.4 22902
17024.7 19100.8
29466.9 23907.8
10443.5 21902.7
17189.9 19971
32028.9 36454.4
6018.26 1413.25
15375.2 29785.5
894.249 13027.2
20252.3 21559.9
24491.5 39173.9
10720.4 7692.18
1032.22 11073.9
23275.6 38660.3
28772.5 10593.9
12378.4 22275.8
18710.2 30223.8
35514.5 4835.14
31212.1 34886.5
10577.5 466.414
1710.54 10675
8311.97 25537.9
21188.4 20660.3
31147.1 36377.6
29631.2 10380.2
15345.4 22096.6
4079.12 22562.4
1729.99 11605.7
8947.27 22221.3
14792.2 27070
23339.5 38928.4
