10400.3 21620.4
33213.9 41047.5
12886.5 20972.2
31816.2 41811.4
34719.8 22410.1
13002.8 23878.7
9159.38 21309.9
9392.5 21985.2
10349.3 3653.96
15898.5 21721.1
15616.8 22773.6
15646.8 22999.7
13849 23766.8
1559.1 14453.5
11928.8 20556.1
30113.3 6928.37
10945.1 6588.7
34261.1 21668.3
32658.3 18372.6
9691.22 19787.5
31382.7 7481.51
32716 18975.3
1314.61 13144.6
19679.7 22851
9965.52 20478.9
9186.83 20235.5
39219.4 885.36
19237.8 24998.3
29749.3 7816.05
1788.99 15032.6
29892.2 6475.77
11221.2 22837.6
13921.6 23278.3
10690.8 23120.8
802.526 12619.6
16326.5 22770.4
38301.7 1589.38
18736.5 25680.3
40267.2 613.456
1297.79 13017
12230.8 21871.9
1887.87 13959.2
10265.8 6701.78
33153.4 40295.9
2030.35 13237.1
16664.5 24801.3
10032.7 22425.4
33264.4 18922.7
33667.3 19488.8
9947.54 21707.8
20478.7 21691.7
10920.8 8645.56
38788 410.175
38022 2256.18
2125.9 13184.1
9141.09 20895.8
38781.6 923.962
9628.99 2799.16
39441.5 199.323
11392.9 22892
9136.81 2752.72
37838.6 2351.57
12501.7 23271
33750 41593.5
34841.3 20739.4
11242.7 6522.09
31509.1 41100.4
29994.6 41088.9
30744 7625.78
10282.8 3275.67
16477.7 22574.5
2461.18 14144.2
16819 22436
9978.08 3825.75
9950.21 22214.1
17496.8 25027.5
32836.4 41288.9
18332.4 24977.7
18959.1 25927.4
17035 20753.8
32709.4 19020.5
9744.48 22048.8
40230.1 901.342
14039.9 22942.6
16947.2 21813.1
29607 40748
29202.6 42272.9
30764.7 40239.5
15810.7 23837.8
10733.5 19894.6
31583.4 40989.7
10877.8 7296.04
19630.5 25380.9
16724.2 24709.8
15846.4 22902
17024.7 19100.8
10443.5 21902.7
17189.9 19971
894.249 13027.2
20252.3 21559.9
10720.4 7692.18
12378.4 22275.8
15345.4 22096.6
436.865 13385.5
8947.27 22221.3
