38628 15868.8
35173.6 48777.8
12674.9 48579.1
13850.2 18561.6
33266.4 18342.3
8037.3 8454.09
3489.9 38697.5
29019.6 23312.1
36956.1 43598
7990.64 10428.8
21945.4 28659.5
20397.3 39197.3
7241.69 19047
33352.9 23729.6
25799.6 7027.32
40501 34347.8
31018.5 12097.3
16342.6 49085.2
38513.3 19998.9
26130.1 31935.5
19361.9 46504.6
40760.8 23441.9
37667 20608.8
15360.3 28300.2
21901.2 18456
1443.82 46089
24553.2 46797.1
12152.8 21087.4
31243.5 20133.1
40033.1 33276.7
34189.1 10429.9
49591.3 6847.73
18750 30852.2
4277.85 9446.8
23938.3 46239.4
20808.2 28147.9
45720.9 15044.8
33460.6 15055.7
37894.4 49906.5
15995.4 31908
34266.5 40183
6991.94 33442.3
22454 449.432
35114.4 30231.8
7269.61 21420.6
35650.1 40702.2
39354.6 24309.7
48436.5 41009.1
5452.42 20664.5
237.695 41128.9
44799.5 817.433
2356.12 39987.5
46766.3 44158
34591.8 5204.1
35844.7 39327.1
17600.3 17832.9
4641.13 12892.9
42542.5 21578.7
28263.9 23676.6
14082.9 2318.26
20587.1 43836.4
33497.3 45910.7
22288 42425.9
7159.56 7962.58
40239.7 23146.7
35962.9 43641.9
40132.4 5207.39
41893.6 15184.1
26361.1 280.434
39876.9 45711.1
32750.9 45971
1017.71 9898.01
13281.8 41110.2
37279.1 986.175
47950 15330.8
30799.5 40504
28549.1 34640.5
12844.7 22745.7
6148.94 28988.1
5507.39 13820.4
36457.7 30451.3
11697.3 48773.1
10609.1 42343.2
33910.7 22996.2
21385.3 49189.3
30336 45296.1
10284.6 29035.3
39195.4 20265.5
2730.96 18736
17122 47842.6
49412.9 10442
47893.1 5923.7
48261.8 33603.8
38345.1 27892.5
31465 9993.96
25143 39457.1
47952.7 47189.9
14110.7 8773.65
30425.8 15398
42538.3 9633.48
2353.86 29427.7
46142.6 34352
46087.5 28301.2
2584.33 43878.9
35356.7 23418.6
10397.9 42048.1
12629.6 6730.39
37317.8 1335.1
41648.2 7152.77
1411.63 10908.5
23237.8 28132.3
24150.3 2621.66
33767 41683.8
8341.8 25024.2
39244.5 44919.2
42698.3 15548.4
1368.23 6747.43
43144.8 7612.28
31368.9 28356.9
15674 2032.98
10335.7 5108.49
36636.4 16286.7
49130 32236.9
16037.5 48997.4
9599.63 47981.2
15245.8 14622.8
34102.6 43553.3
5364.81 29052.6
1788.64 9663.45
15706.4 41122.9
49989.8 10509.7
30606 16805.6
15362.8 22430.2
24522.1 45258.8
15094.1 16089.7
19875.1 24113.6
9271.11 27489.6
18114.1 5449.74
45372.6 23954.5
37688.8 30177
7962.35 4499.3
22660.9 37923.3
43764.5 17892.7
40818.9 12224.1
8208.57 29617
20865.4 32716.7
9706.37 48367.6
17233.4 48323.4
29296.6 23220.7
13243 7761.15
9522.16 21889.7
49996.8 1064.47
4242.69 18041.6
6025.02 46991.9
46188.4 25231.7
28770.4 5000.81
11291 37847.1
5634.06 25431.5
24945.7 12337.4
25559.6 4689.32
11303.7 20645.7
10071.5 16347.1
8108.42 28598.2
3989.67 44573
8981.82 45562
6798.66 28631.5
46864.1 32865.4
24419.8 10949
30124.4 16798.8
49977.9 42175.5
12577.7 46457.6
29896.6 5151.54
14241.3 23271.3
6751.82 35578
8640.97 35102.5
21255.3 29743.6
23741.2 12936.8
49414.4 13742.9
7594.15 22375.3
29071.8 47209.9
23150.4 46332.5
41842.2 3263.73
22614.1 16112
32386.1 15340.3
11198.9 25486.6
10108.2 32315
42194.7 37287.9
47076.3 33746.2
3883.7 12862.4
42647 38079.3
43679.7 43303.3
44142.7 20274.4
27399.5 13475.8
11474 46798.9
3550.51 42513.4
11639.3 2511.3
25310.6 28971.5
49670.6 37098.4
26499.2 42675.8
23905.6 32235.7
8203.83 29051.3
16999.2 13438.5
18229.9 33216.9
34331.3 13377.7
46751.6 3786.53
39685.1 35056.4
34388.3 8211.76
41536.7 29743.3
5072.06 36812.8
2675.39 34966.6
41733.4 15682.2
38005.5 34635.6
19851.8 37379.4
45906.1 49944.8
1146.48 11220.9
220.351 7754.79
29305.9 16678.5
39469.2 32117.7
15132.8 9559.7
13724.2 4894.06
24964.2 5938.22
7305.21 38839.2
36792.3 31870.3
30539.7 13187.3
40648.7 7955.73
9049.62 7330.07
26936.4 35921.5
37077.4 1868.24
32324.3 39770.8
36750.6 36804.9
13502.6 43309.3
4911.33 13993.3
43371 16783.8
19237.3 31059.3
10407.1 27143.7
22831.1 14619.9
431.989 1233.3
30430.2 47526.8
