34655.5 37907.5
9792.07 16340.2
19401.9 37964.1
9960.06 717.613
6899.45 25601.2
10418.1 25818.1
23318.2 41001.3
26733.3 47298.2
7143.11 5196.9
28104.2 19468.9
11268.3 18776.4
5921 26069
11343.7 12251.3
10889.6 18121.4
6802.4 20959.2
17603.4 41362.7
5256.29 4748.97
27967.3 20196.2
33273.3 39798.5
23989.5 18454.4
14773.9 30779.3
24653.5 38348.3
7884.92 1223.47
17441 40650.6
6178.98 16082.7
25047 40047.5
8935.56 11851.4
25708.2 17887.6
10480.7 16681
4222.5 20975.7
35827.1 7.55787
10660.1 11685
33105.7 38008.2
25923.1 7373.7
21442.8 32594
40236.9 24406.2
13133.1 17123.8
19103.1 38506.4
34322.7 15262.4
22488.7 22700.2
4498.35 23893.1
18484.5 2519.52
20866.6 7886.7
16330.4 29133.5
18556 2072.55
21757.1 38267.1
13775.3 25549.4
12132.6 18088
15347.8 25600
10066.1 24995.5
17603.5 38426.9
3301.18 20830.6
6470.11 25832.8
16949.1 1906.62
29089.6 36613.8
4580.92 26151.2
29596 42020.5
4236.53 24224.5
12378.7 14486.3
20147.8 32190
14157.4 32421.4
17507.6 39059.8
26647.4 4880.97
7813.57 4832.87
8276.31 15640.7
36405.5 24520.5
32944.6 11223.9
31176.9 26269.2
39370.8 23963.2
16876.8 38527.6
33645.1 13813.1
13363.9 6835.75
11449 26467.2
22827 10795.2
20379.3 9448.84
5881.02 12111.8
5539.88 3430.3
25382.1 42008.9
8978.23 12794.4
37972.1 23136.4
9419 12272
31393.7 12877.8
6823.85 8808.65
4212.18 26855.3
29793.2 10534.1
27955.9 9459.69
25959.2 8329.91
14731.3 27147.9
5243.44 24490.1
8855.79 15453.1
7601.04 92.5535
17291.3 1255.35
9762.52 15376.2
31953 10015.9
7604.61 23490.7
19513.2 1618.06
19515.8 42539.9
8926.86 25290.8
27628.8 39976
23739.9 35453.2
30347.7 36903.9
1997.41 1328.53
22165.9 9377.47
7233.22 15926
32911.3 43286.3
20130.1 33767.9
29411.8 38458.9
35894.4 44347.7
22175 41053
20140.8 31187.2
9631.72 14491.4
23952.6 38986.1
22562.1 10520.2
18263 27292.4
20105.8 9965.17
35096.9 13742.6
6054.87 16548.4
6561.34 28235.1
20811.3 31359
12967.2 1805.57
23924.5 44528.8
21376.9 26816.8
5502.09 22876.1
17592.7 1109.69
6583.56 21254
23396.5 18842.5
26323 8960.84
25616.1 17059.5
9384.51 12905.9
23550.8 8709.48
7435.1 5370.59
8462.63 1453.78
16370.8 1466.73
30548.1 34920.6
3166.06 12670.5
7857.11 1407.71
28222.4 4524.57
35107.2 22948.9
31197.5 24584.5
5994.36 18665.8
9835.3 13915.8
8523.16 25253.7
19533.4 9799.21
6981.25 25816.4
6780.53 7846.88
6206.89 7512.54
20574.4 38490.2
35484.8 40209.8
10170.7 11285.6
12539.2 17767.8
10632.8 25991
3475.54 10997.4
27872.3 42866.6
36663 23426.6
16821.1 40052.5
36098.9 515.914
34181 38350.5
26855.5 8829.71
6299.02 19375.7
34958.5 26649.7
3342.18 12776.2
20329.3 29421.6
20953 8850.85
6075.18 11677.3
4052.21 4023.76
26459.1 10861.4
25291.4 19667.5
29602.1 39423.5
41726.2 25083.7
32037.1 14074.9
22633.5 40595.6
5642.64 4956.71
10457.8 26388.6
31673.8 36663.4
12446.2 17083.3
24913.6 7953.77
22598.3 40249
15360.9 158.527
6457.56 17975
2722.22 11584.9
35990.4 43500.8
19084 9567.98
23811.8 19600.4
34891.5 3908.15
35513.2 42401.6
7947.28 27092
30303.8 23506.9
12425.4 15669.4
24226.1 18906.4
23404.9 31184.9
5254.34 12604.3
36694.1 1854.29
7477.26 5278.12
16136.4 29349.1
12323.7 15008.5
42352 2408.46
4556.28 12089.7
4683.27 496.279
8860.57 13153.6
30269.5 11815
34467.7 318.706
32940.3 6432.01
34942.1 37764.1
19884.9 38250.3
19047.8 41419.9
35477.5 1208.26
37616.5 910.973
26562.1 39750.7
17954.8 39323.8
37122.6 40414.9
5350.08 12206.2
5276.72 22682.6
25862.1 48017.4
35225.2 43323.4
20749.2 33754.6
4920.36 26793
3413.06 21077.9
22877.2 36055.1
35121.4 26317.6
35126.6 40291.6
3811.83 13801.2
20201.1 32338.5
4473.69 23637.1
6692.49 20709.4
7334.49 9497.66
3337.05 21854.3
40811 22904.4
18646.6 20763.3
24024.5 44499
21520.4 7900.91
34742 14431.2
34630.1 13402.7
23364.2 30286.5
11173.8 12011.9
22948.3 35000.9
28933.4 39861.7
29780.7 23232.7
35255.1 42296
8434.73 13403.3
16531.1 27933.5
34198.8 36330.9
3570.27 14420.8
3863.64 11203.9
16843.7 1175.17
35353.9 734.717
19848 29888.3
16265 25812.9
34898.2 23851.9
12766.2 6478.22
12431.4 25898.2
20092.2 40156
19348.1 40287.6
32579.2 10828.1
31650.9 13308.7
8481.11 12216.4
35886.8 26045.6
30620.3 24748
2099.78 23829.5
9416.58 14812.6
8555 17819.8
2420.1 21864
21383.2 7525.12
8119.75 275.476
22204.6 35233.6
25508 44124.9
21139.7 10262.2
23968.8 10100.8
25403.8 6906.62
25245.8 46876
3986.37 3530.98
6020.53 3907.74
23500 9300
21038.1 8156.6
25119.8 39197.7
1413.03 12120.1
18595.4 43552.3
24457.6 9178.01
24785.9 20342.7
4212.61 3137.18
23376.7 30651.3
28996.3 38516.4
20815.6 7329.49
20592.4 37768.2
4926.38 10347
25631 40528.1
2744.08 24502.4
19139.8 33744.4
11307.7 27196.2
30145.2 39773.3
7980.56 19681.5
140.011 10265.1
15343.2 2239.09
5407.68 4185.5
7887.65 16381.7
4600.93 24502.9
28808.1 20260.9
26927.7 9126.61
21120.2 34117
10953.2 17087.2
5791.04 21735.5
5137.52 17403.2
19912 9856.71
4743.31 26852.3
32615.6 13268.2
27616.8 6379.79
29833.6 37204.4
28224.2 43117.4
5927.96 2337.8
17234.9 789.213
25999.8 44851.7
20083.7 41141.6
36487.9 40835.2
23315.1 9402.68
20609.3 34169.9
2878.61 1212.88
17156 37711.2
22317.5 40280.4
10285.3 13026.9
8549.3 26603.9
16774 842.532
5271.87 16900.8
6213.31 22934.3
19640.6 43199.6
10197.6 13311.2
2789.1 25483.1
26447.7 18514.7
17434.6 2085.38
34372.6 36036.2
3203.82 12568.7
1202.28 11916.4
26669.7 6571.8
20123.4 29921.4
15710.1 1585.82
29073.7 41868.5
29545.5 39369.3
3090.98 25819.6
11440.3 13878.1
23189.1 44755
12184.3 13709.5
12557.1 17555.2
25684.1 7747.9
24607.2 39772.1
18163.3 24093.3
18128.3 21346.2
13414.4 7473.4
16782.9 26352.9
28088.5 19012
32521 39222.8
27589.5 6578.74
32822 14006.9
27812.4 11406.6
15536.2 1828.74
37353.6 23090.5
18278.5 41407.5
24245.9 9599.82
31291.2 24788.4
29125.9 48829.2
23267.9 34601.7
6269.05 562.19
35496.5 37866.7
12672.2 15136.3
30761.1 24747.7
4177.3 336.042
21279.3 9592.46
16044.9 3064.93
17126.7 26571.5
27822.9 43302.7
35456.6 1693.24
38431.4 24190
18013.8 42162.8
7616.14 16030
26055 38019.2
19179.2 31975.5
25129.9 10657.3
32224.8 9908.2
35955.6 1572.41
17680.8 41516.6
4280.02 26765.7
15288.8 26591.4
17137.4 741.467
3837.31 14014.9
32224.6 26552.1
21351 28857.3
6450.66 16744
19375.2 42508.5
35566.3 37721.3
26384 40968.3
14076.8 10475.1
3969.43 12093.1
18758.9 40346.8
30840.8 22327.2
9737.8 23479.6
14602.3 29649.8
24019.5 19806.3
20777.1 32523.7
32918.2 36376.8
13034.9 6863.79
4543.51 25771.5
25942.5 7028.72
8063.74 24218
24817.4 17644.4
5687.96 21866.1
31048.7 5939.77
37835.3 22383.4
2298.78 10320.8
22784.4 20823
19047.5 41831.8
40903.4 23644.6
26852.7 17442.1
6327.46 20187
40628.8 24326.9
14408.2 29280.3
29466.9 23907.8
6117.66 19305.8
35207.6 38144.5
6018.26 1413.25
33269.6 14229.7
5603.65 25472.6
14367.9 2393.41
15375.2 29785.5
35369.8 24136.4
4180.5 24069.3
24491.5 39173.9
23275.6 38660.3
28772.5 10593.9
6870.16 6820.44
18710.2 30223.8
35514.5 4835.14
31212.1 34886.5
35686.5 40702.2
31147.1 36377.6
21899.7 35023.5
4079.12 22562.4
27270.4 5485.27
4784.04 18811.5
14792.2 27070
23339.5 38928.4
