34655.5 37907.5
9792.07 16340.2
19401.9 37964.1
12247.5 958.028
1756.16 10722.5
6899.45 25601.2
8387.33 24738.3
23318.2 41001.3
26733.3 47298.2
6281.52 3064.38
11268.3 18776.4
26675.6 43370.9
5921 26069
11343.7 12251.3
33213.9 41047.5
10889.6 18121.4
6962.84 23253.6
5256.29 4748.97
32123.3 37806.7
31607.1 19776.7
24653.5 38348.3
19155.1 27986.1
25047 40047.5
8935.56 11851.4
10480.7 16681
4222.5 20975.7
35827.1 7.55787
10660.1 11685
33105.7 38008.2
18587.2 22796.8
30864.5 25112.7
29410.5 8913.52
5819.12 7151.45
9392.5 21985.2
5054.77 21661.4
16330.4 29133.5
24034.7 38587.2
13775.3 25549.4
10349.3 3653.96
15347.8 25600
10066.1 24995.5
15898.5 21721.1
30837.2 43421.8
6470.11 25832.8
29089.6 36613.8
28503.2 46338.7
30382.7 39859.2
4236.53 24224.5
19806.2 39140.1
26647.4 4880.97
30879.3 9692.25
8276.31 15640.7
36405.5 24520.5
32646.1 5241.23
33645.1 13813.1
11449 26467.2
5881.02 12111.8
4253.73 1523.51
25382.1 42008.9
8978.23 12794.4
37972.1 23136.4
9419 12272
31393.7 12877.8
6823.85 8808.65
29632.7 8239.71
22296 20662
27955.9 9459.69
25959.2 8329.91
14731.3 27147.9
5243.44 24490.1
28628.9 44443.4
8855.79 15453.1
32006.3 24025.6
9762.52 15376.2
37747.8 1301.6
31953 10015.9
7364.2 21203.3
30602.3 44383
8926.86 25290.8
27628.8 39976
22804.4 37554.4
30347.7 36903.9
3989.27 2478.53
7233.22 15926
41292.9 1513.18
29411.8 38458.9
11023.3 23461.2
12411.2 25210.5
22175 41053
9631.72 14491.4
23952.6 38986.1
23497.6 8419.07
18263 27292.4
18383.1 23300.2
552.617 11165
27947.4 47252
20811.3 31359
12967.2 1805.57
19449.2 23907.9
26202.2 44848.8
21376.9 26816.8
3400.93 23811.6
6583.56 21254
23396.5 18842.5
26323 8960.84
9384.51 12905.9
23550.8 8709.48
1056.92 9915.59
30548.1 34920.6
34044.3 21395.9
3166.06 12670.5
27547.9 41765.4
38486.9 4216.69
6921.61 3508.87
5494.86 7911.38
28222.4 4524.57
32896.3 22314.9
31197.5 24584.5
4087.57 19952
9835.3 13915.8
7736.51 27415
6981.25 25816.4
6780.53 7846.88
6206.89 7512.54
20574.4 38490.2
28001.3 45306.9
10170.7 11285.6
10083.4 22971.7
10632.8 25991
3475.54 10997.4
27872.3 42866.6
36663 23426.6
27183.3 48289
36098.9 515.914
29101.9 47165
34181 38350.5
33473.8 23821.6
26855.5 8829.71
36497.5 24940.5
20329.3 29421.6
6075.18 11677.3
4052.21 4023.76
36864.7 4137.02
25291.4 19667.5
29602.1 39423.5
30859.2 19302.8
33153.4 40295.9
32037.1 14074.9
22633.5 40595.6
5322.54 2679.1
10457.8 26388.6
31673.8 36663.4
32685 8746.35
10690.1 1646.04
31304.3 18435.3
24913.6 7953.77
24785.8 39538.3
29410.4 5908.09
15360.9 158.527
2722.22 11584.9
15816.5 30774
23811.8 19600.4
34891.5 3908.15
7947.28 27092
22576.8 21826.6
30303.8 23506.9
5254.34 12604.3
31930.5 21405.5
36694.1 1854.29
16136.4 29349.1
42352 2408.46
37838.8 22537.6
4556.28 12089.7
4683.27 496.279
32296.8 38657.3
37221 3409.15
32834.8 8568.49
8860.57 13153.6
38467.3 4410.29
30668.9 9549.95
34467.7 318.706
32940.3 6432.01
34942.1 37764.1
19884.9 38250.3
35477.5 1208.26
35405.6 277.007
24907.6 41348.5
31908.7 9113.4
20022 38315.5
5350.08 12206.2
28921.5 48273.7
14288.1 724.807
5276.72 22682.6
3413.06 21077.9
28773 4599.5
28039.1 48106.9
31860.1 20145.5
4473.69 23637.1
6692.49 20709.4
7334.49 9497.66
3337.05 21854.3
20553.4 22049.5
21069.8 30446.9
28933.4 39861.7
28671.3 46386.4
30199.4 21432.3
31593.1 21816.7
31788.9 38288
8434.73 13403.3
12501.7 23271
33750 41593.5
16531.1 27933.5
30607 9480.02
34198.8 36330.9
2936.31 12209.9
3863.64 11203.9
35353.9 734.717
31268.4 44688.4
19848 29888.3
32482.4 10281.6
16265 25812.9
35532.2 21641
10478.8 6718.64
10132.8 25978.5
30314.2 11227.4
31650.9 13308.7
31317.4 44227.1
8481.11 12216.4
2099.78 23829.5
9416.58 14812.6
8555 17819.8
2420.1 21864
22604 37498.7
26726.8 46075.4
27868.5 41236.4
23968.8 10100.8
25403.8 6906.62
27477.5 47432.4
3986.37 3530.98
6020.53 3907.74
23500 9300
23332.5 8317.04
33765.8 24713.6
25119.8 39197.7
39861.7 1704.71
34193.1 23864.2
30559.8 19998.1
24457.6 9178.01
24785.9 20342.7
4212.61 3137.18
28996.3 38516.4
3443.54 9474.55
20592.4 37768.2
4926.38 10347
25631 40528.1
2744.08 24502.4
35259.3 5300.77
5127.7 2249.76
11307.7 27196.2
22124.8 22425.7
32246.4 38837.8
1950.99 11137.1
14481.6 106.568
5407.68 4185.5
7887.65 16381.7
32836.4 41288.9
4600.93 24502.9
26927.7 9126.61
27409.8 42816
10953.2 17087.2
5791.04 21735.5
28818.9 45319.6
32615.6 13268.2
27616.8 6379.79
29833.6 37204.4
26745.8 41355.5
5927.96 2337.8
25999.8 44851.7
18959.1 25927.4
23315.1 9402.68
32709.4 19020.5
1938.54 10856.9
22317.5 40280.4
10285.3 13026.9
30566.6 42843.2
8549.3 26603.9
41674.7 285.648
6213.31 22934.3
29450.4 48016.7
10197.6 13311.2
34372.6 36036.2
14101.5 20042.7
3203.82 12568.7
3467.34 11517
26669.7 6571.8
20123.4 29921.4
26862.8 41234.6
29545.5 39369.3
17851.7 28029.9
30227.3 45303.2
10307.4 18033.4
27260.2 6461.38
25684.1 7747.9
24607.2 39772.1
19021.5 26472.2
20413.1 23615.1
7503.89 20697.5
18128.3 21346.2
16782.9 26352.9
34230.2 40761.8
29581.4 5428.74
32822 14006.9
27812.4 11406.6
37353.6 23090.5
19543.2 27904
21850.7 22715.3
24245.9 9599.82
31291.2 24788.4
29125.9 48829.2
4019.31 1040.39
35496.5 37866.7
10963 16675.3
30761.1 24747.7
4177.3 336.042
17126.7 26571.5
28456.8 41091.8
35376.4 3991.84
7616.14 16030
26055 38019.2
16947 27838.5
27361.6 11213.7
30037.4 10618.9
35955.6 1572.41
15288.8 26591.4
21351 28857.3
8661.57 16110.1
22953.3 21615.9
39278.6 3462.47
5597.29 4389.46
35566.3 37721.3
26384 40968.3
12046 11554.9
3969.43 12093.1
31849 24394.4
10673.3 21378.5
14602.3 29649.8
24019.5 19806.3
32918.2 36376.8
26472.9 42635.7
4543.51 23471.5
7161.18 3521.46
21818.6 21818.2
25942.5 7028.72
8063.74 24218
5131.54 24097.8
31048.7 5939.77
37835.3 22383.4
1363.29 12422
6805.66 22436.7
14408.2 29280.3
29466.9 23907.8
17189.9 19971
33176.8 37064.7
6018.26 1413.25
33269.6 14229.7
15375.2 29785.5
4180.5 24069.3
24491.5 39173.9
1032.22 11073.9
23275.6 38660.3
28772.5 10593.9
12378.4 22275.8
6870.16 6820.44
18710.2 30223.8
35514.5 4835.14
31212.1 34886.5
11679.9 1155.31
1710.54 10675
8311.97 25537.9
21188.4 20660.3
31147.1 36377.6
28338.3 10244.3
4079.12 22562.4
27270.4 5485.27
14792.2 27070
23339.5 38928.4
