23908.7 11497.8
23216.2 11136.7
7168.16 15584.6
2472.89 12812.2
39306.3 13994.1
46591 49355
26622.4 49415.2
42643.5 15517.2
18070.4 44128.7
38714.1 45296.1
45487.2 48968.3
48897.5 34938.2
30201.3 2261.85
8820.26 49084.4
42568.5 46873.5
41526.3 12561.7
19410.6 944.597
13558.5 41458.3
29018.1 12452
16596.4 7447.89
1573.58 3508.49
19442.3 4099.47
30822.6 6291.17
26769.1 2531.25
42004.3 13475.3
12090.3 40430.3
35880.8 6135.51
29019.8 12612.2
31361.4 4393.92
23804 11160.8
20836.7 43580.1
21930.3 30154.2
19513.9 7657.84
17224 28996.8
7145.32 14567.7
4665.04 15702.6
20426.4 24177.2
14143.2 6061.54
46883.1 45840
16164 42359.8
30499 7066.71
46887.3 45761.8
42612.8 14922.7
11400.5 10652.8
21144.9 44938.3
47463.7 46424.7
48257.2 34906.4
42836.8 47534.8
47480.6 46605.6
15166.1 44305.8
29500.1 3703.96
45092.8 48432.4
43409.3 14921.2
17473.3 1437.45
42837 48148.9
13888.5 47209.4
12660.1 28371.1
12501 40235.1
6709.26 15278
18434.2 156.742
17057.8 43574.5
12170.1 49748.8
21253 9073.49
21126 24282.7
22992.8 9990.37
15152.1 29361.1
26005.4 46561.1
6625.98 3527.22
10805 18136.4
16773.4 26199
15143.2 25388.6
35646.2 5523.69
26924.4 9700.69
15993.7 45775.7
9991.83 14336.3
12104.1 27511.1
16231.7 47412.1
45151.6 46309
28213.8 2798.5
28661.7 48341.2
19003.6 1736.98
42920.8 13546.4
27621.1 3452.84
15717.4 28578.1
16777.4 24910
45646.1 48074.4
18385.2 2607.36
24319.5 12791.4
20727.9 9130.35
17530.5 8202.68
17074 5839.32
24916.4 6252.91
26647.9 2301.82
43535.7 46881.8
48748.7 34948.3
15776.3 46859
38661.1 9666.21
47674.8 49815
37507.7 6666.24
13523.2 40415
16908.6 6054.35
22673.5 4025.97
10036.5 19783.6
12610.1 28150.3
19784.2 25076.2
10696.3 21073.6
20643.7 42154.9
22347.5 11199.6
10049.6 18971
19971.8 8767.28
12710 25998.1
20875.3 8987.12
38895.5 46656.1
21052.9 41265.2
47042.4 34246.6
49253.9 34748.9
46004.3 48459.8
20365.5 9539.47
18935.1 49513.2
31016.8 6412.12
29172 5396.82
17015.6 8288.6
25995.3 45618
23330.5 10771.6
23043.5 9460.63
9436.73 16892.3
4901.59 7539.06
46620.1 34376.5
7026.28 4439.77
14013.4 29201.1
36343.6 4261.37
35703.6 5905
22413.4 29566.4
27679.5 2255.34
28865.6 2018.19
21809.5 41268.4
13444.7 41167.9
43138.1 15144
28328.9 915.503
47479.8 47982.9
14405.6 26232.6
13096.4 29092.8
12031.9 41395.6
26413.1 47939.3
20431.3 40737.3
7438.26 5147.58
37952.4 13535.3
49294.1 33870.5
35491.5 4610.22
25979.9 4203.72
26472.3 2127.26
22240.2 45612.5
15749.5 41789.1
7989.08 15115.3
49953.2 35367.6
16217.4 48659
8288.88 16926.7
12637.8 27087.8
37090.8 7706.33
42492 11670.9
21027.1 43385.3
20660.2 227.49
19172.7 1343.8
20401.4 10018.7
19263.9 7720.41
9615.06 17074
28314.7 3978.11
16369.4 25322.9
29506.4 2620.08
9800.59 49188.7
9145.08 16122
10804.3 20381.6
12121.1 27384.9
29436.6 5136.11
21067.1 44066
10489.6 7518.04
21387.4 10226.7
25599.8 46001.4
46572 33809.3
16208.3 7053.7
5396.1 15466.9
22857.8 12530.9
11259 41479.4
21111.8 26668.7
44245.9 13696.6
20989.1 624.378
14516.8 42420.8
20234.1 23589.5
20509.7 25888.4
27129.5 10320.2
46442.6 41219.9
24525.3 4326.87
39619.7 11911.3
38851.9 12842.4
13976 47978.5
29575.9 1415.37
31618.2 5060.99
47224.6 47615.5
12286.5 14149.7
13235.2 14609.1
5200.38 5820.06
28821.7 374.072
10751.4 42335.2
10562.2 18585.7
12720.9 5960.76
49168.2 35717.5
18127.6 6389.43
48952.2 44631.5
14572.2 6884.2
36236.5 5468.92
45974.7 46420.6
48075.6 35963.6
37232.8 5582.84
39393.8 12393.4
8681.61 4795
40473.7 45950.3
30008.4 3939.16
38716.6 15131.7
2769.21 13730.7
15784.8 8856.88
44082.8 46066
21507.4 3106.85
39585 46218.6
29584 10652.3
20946.5 1662.17
38035.7 15659.9
22851 44907.3
21563 8717.67
44855.2 44575.2
17758.1 27191.4
12574.8 40798.1
11294.4 11052.5
15931.1 9243.42
20247 41139.4
24498.5 3846.46
11590.7 25874.1
26396.3 48506.4
7470.5 15803.7
11502.6 14144.2
17711.4 1914.99
20927.5 8094.11
14773.3 43201.3
910.908 3458.06
25739.8 5043.05
30303.8 2632.33
28927.1 3852.59
44719.2 12896.3
3536.89 13435.4
17574.8 49119.3
21637.4 1181.28
13797.9 26146.7
26811 47991.9
10351.3 10367.9
43479.3 15363.2
47321.8 34222
39918.7 12642.5
49893.1 33551.4
9091.37 5527.49
15413.9 43645.6
17206.5 10022.3
3415.68 7028.07
44744.2 12530.4
4696.31 5058.64
26389.4 48597.6
10007.7 8760.63
10559.3 40899.1
26165.4 47219.2
23136.4 10247.4
43465.3 46185.2
43325.4 46701.1
8981.09 5156.48
7895.24 17644.6
603.56 3663.36
43968.4 47808.8
28313.4 47789.5
20717.6 45541.3
16548.5 45381.2
27968.6 2066.78
8510.17 6286.11
46566.6 33819.8
38092.8 11204.2
31487 5187.39
19023.6 25370.1
26500.1 3885.17
19391.3 24271
5921.25 10057.2
10129.9 43047.3
21474.7 30580.7
13311.4 27164.3
7874.55 18486.9
13613.2 41937
