34655.5 37907.5
9792.07 16340.2
19401.9 37964.1
11551.3 884.858
1756.16 10722.5
6899.45 25601.2
9005.39 25066.9
23318.2 41001.3
26733.3 47298.2
6543.74 3713.41
11268.3 18776.4
26675.6 43370.9
5921 26069
11343.7 12251.3
10889.6 18121.4
6914.01 22555.3
5256.29 4748.97
32473.3 38412.9
31607.1 19776.7
14773.9 30779.3
24653.5 38348.3
19155.1 27986.1
25047 40047.5
8935.56 11851.4
10480.7 16681
4222.5 20975.7
35827.1 7.55787
10660.1 11685
33105.7 38008.2
25645.3 8949.39
18587.2 22796.8
30791.3 25808.9
34211.1 13666.3
4885.43 22340.6
16330.4 29133.5
23341.5 38489.8
13775.3 25549.4
15347.8 25600
10066.1 24995.5
31536.8 43397.4
6470.11 25832.8
29089.6 36613.8
28503.2 46338.7
30143.3 40517
4236.53 24224.5
19106.6 39115.6
26647.4 4880.97
30879.3 9692.25
8276.31 15640.7
36405.5 24520.5
31176.9 26269.2
32743.5 4548.04
33645.1 13813.1
11449 26467.2
5881.02 12111.8
4645.17 2103.84
25382.1 42008.9
8978.23 12794.4
37972.1 23136.4
9419 12272
31393.7 12877.8
6823.85 8808.65
29681.6 8938
22296 20662
27955.9 9459.69
25959.2 8329.91
14731.3 27147.9
5243.44 24490.1
28628.9 44443.4
8855.79 15453.1
9762.52 15376.2
37940.7 628.721
31953 10015.9
7437.37 21899.5
30602.3 44383
8926.86 25290.8
27628.8 39976
23089.2 36914.9
30347.7 36903.9
3383.05 2128.53
7233.22 15926
41292.9 1513.18
29411.8 38458.9
11574.9 23892.2
12411.2 25210.5
35894.4 44347.7
22175 41053
9631.72 14491.4
23952.6 38986.1
23212.9 9058.55
18263 27292.4
18383.1 23300.2
202.617 10558.8
35096.9 13742.6
27947.4 47252
8145.77 28012.4
20811.3 31359
12967.2 1805.57
25509 44751.4
21376.9 26816.8
4040.42 23526.9
6583.56 21254
23396.5 18842.5
26323 8960.84
9384.51 12905.9
23550.8 8709.48
30548.1 34920.6
33971.2 20699.7
3166.06 12670.5
27547.9 41765.4
38486.9 4216.69
7206.33 2869.39
28222.4 4524.57
33569.2 22507.9
31197.5 24584.5
4667.9 19560.5
9835.3 13915.8
7975.93 26757.2
6981.25 25816.4
6780.53 7846.88
6206.89 7512.54
20574.4 38490.2
28001.3 45306.9
10170.7 11285.6
10701.4 22643
10632.8 25991
3475.54 10997.4
27872.3 42866.6
36663 23426.6
27183.3 48289
36098.9 515.914
29101.9 47165
34181 38350.5
33473.8 23821.6
26855.5 8829.71
36029.1 25460.7
20329.3 29421.6
6075.18 11677.3
4052.21 4023.76
26459.1 10861.4
36864.7 4137.02
25291.4 19667.5
29602.1 39423.5
30859.2 19302.8
32037.1 14074.9
22633.5 40595.6
5419.97 3372.28
10457.8 26388.6
31673.8 36663.4
32685 8746.35
31304.3 18435.3
24913.6 7953.77
24120 39754.6
28874.1 5458.14
15360.9 158.527
2722.22 11584.9
35990.4 43500.8
15280.3 31223.9
23811.8 19600.4
34891.5 3908.15
35513.2 42401.6
7947.28 27092
22576.8 21826.6
30303.8 23506.9
5254.34 12604.3
31930.5 21405.5
36694.1 1854.29
16136.4 29349.1
42352 2408.46
4556.28 12089.7
4683.27 496.279
32296.8 38657.3
36521.4 3433.58
32834.8 8568.49
8860.57 13153.6
38467.3 4410.29
30547.4 10239.3
34467.7 318.706
32940.3 6432.01
34942.1 37764.1
19884.9 38250.3
35477.5 1208.26
36078.5 469.953
25411.2 40862.2
31908.7 9113.4
19392.9 38622.4
5350.08 12206.2
28921.5 48273.7
5276.72 22682.6
35225.2 43323.4
3413.06 21077.9
28773 4599.5
28039.1 48106.9
31860.1 20145.5
35121.4 26317.6
34527.2 41775.1
4473.69 23637.1
6692.49 20709.4
7334.49 9497.66
3337.05 21854.3
19973 21658
34742 14431.2
34630.1 13402.7
21768.1 30398.1
28933.4 39861.7
28671.3 46386.4
29581.3 21103.6
31041.5 22247.6
31788.9 38288
35255.1 42296
8434.73 13403.3
16531.1 27933.5
30607 9480.02
34198.8 36330.9
3129.26 12882.7
3863.64 11203.9
35353.9 734.717
31268.4 44688.4
19848 29888.3
32482.4 10281.6
16265 25812.9
35339.3 22313.9
11175 6645.47
10832.4 25954
20092.2 40156
19348.1 40287.6
31003.6 11105.9
31650.9 13308.7
31317.4 44227.1
8481.11 12216.4
35886.8 26045.6
31731.8 25899
2099.78 23829.5
9416.58 14812.6
8555 17819.8
2420.1 21864
22482.4 36809.3
26355.9 45481.7
27868.5 41236.4
23968.8 10100.8
25403.8 6906.62
26798.3 47263
3986.37 3530.98
6020.53 3907.74
23500 9300
22634.2 8268.21
33765.8 24713.6
25119.8 39197.7
40398 1254.75
34193.1 23864.2
30559.8 19998.1
24457.6 9178.01
24785.9 20342.7
4212.61 3137.18
28996.3 38516.4
3443.54 9474.55
20592.4 37768.2
4926.38 10347
25631 40528.1
2744.08 24502.4
34641.2 5629.4
4461.96 2033.45
11307.7 27196.2
22124.8 22425.7
31606.9 39122.6
7980.56 19681.5
1293.21 10897.7
14743.8 755.597
5407.68 4185.5
7887.65 16381.7
32836.4 41288.9
4600.93 24502.9
26927.7 9126.61
27409.8 42816
10953.2 17087.2
5791.04 21735.5
28818.9 45319.6
32615.6 13268.2
27616.8 6379.79
29833.6 37204.4
27195.8 41891.7
5927.96 2337.8
25999.8 44851.7
19013.1 39952.6
23315.1 9402.68
22317.5 40280.4
10285.3 13026.9
30828.9 42194.2
8549.3 26603.9
42113 196.986
6213.31 22934.3
29450.4 48016.7
10197.6 13311.2
26115 20079.7
34372.6 36036.2
14101.5 20042.7
3203.82 12568.7
2777.97 11638.5
26669.7 6571.8
20123.4 29921.4
27535.7 41427.5
29545.5 39369.3
17851.7 28029.9
30227.3 45303.2
10992.1 17887.9
26587.4 6654.32
25684.1 7747.9
24607.2 39772.1
19728.4 23760.6
7287.57 20031.8
18128.3 21346.2
16782.9 26352.9
33710 40293.4
28975.1 5778.74
32822 14006.9
27812.4 11406.6
37353.6 23090.5
19543.2 27904
24245.9 9599.82
31291.2 24788.4
29125.9 48829.2
4704.02 894.849
35496.5 37866.7
11483.2 16206.9
30761.1 24747.7
4177.3 336.042
17126.7 26571.5
28263.9 41764.7
35400.8 3292.26
38764.1 22624.9
7616.14 16030
26055 38019.2
16947 27838.5
26682.4 11044.4
30703.1 10402.6
35955.6 1572.41
15288.8 26591.4
32224.6 26552.1
21351 28857.3
7988.68 16303
35566.3 37721.3
26384 40968.3
12664.1 11226.3
3969.43 12093.1
31542.2 23765.2
10388.6 22017.9
14602.3 29649.8
24019.5 19806.3
32918.2 36376.8
26472.9 42635.7
4543.51 24171.5
7161.18 3521.46
21818.6 21818.2
25942.5 7028.72
8063.74 24218
5300.89 23418.6
31048.7 5939.77
37835.3 22383.4
1648 11782.5
22951.6 22414.2
6660.12 21752
14408.2 29280.3
29466.9 23907.8
33794.8 37393.4
6018.26 1413.25
33269.6 14229.7
15375.2 29785.5
4180.5 24069.3
24491.5 39173.9
23275.6 38660.3
28772.5 10593.9
6870.16 6820.44
18710.2 30223.8
35514.5 4835.14
31212.1 34886.5
12273.5 1526.25
8311.97 25537.9
21188.4 20660.3
31147.1 36377.6
27642.1 10171.2
4079.12 22562.4
27270.4 5485.27
4784.04 18811.5
14792.2 27070
23339.5 38928.4
