34655.5 37907.5
9792.07 16340.2
19401.9 37964.1
10059.5 728.066
6899.45 25601.2
10329.8 25771.1
23318.2 41001.3
26733.3 47298.2
7105.65 5104.18
28104.2 19468.9
11268.3 18776.4
5921 26069
11343.7 12251.3
10889.6 18121.4
6809.38 21058.9
17603.4 41362.7
5256.29 4748.97
27967.3 20196.2
33223.3 39711.9
24020.4 18359.3
14773.9 30779.3
24653.5 38348.3
7884.92 1223.47
17441 40650.6
6178.98 16082.7
25047 40047.5
8935.56 11851.4
25764.1 17804.7
10480.7 16681
4222.5 20975.7
35827.1 7.55787
10660.1 11685
33105.7 38008.2
25905.7 7472.18
21442.8 32594
40236.9 24406.2
13133.1 17123.8
19137.3 38412.4
34315.7 15162.6
22588.2 22689.8
4522.54 23796.1
18484.5 2519.52
20866.6 7886.7
16330.4 29133.5
18556 2072.55
21856.1 38281
13775.3 25549.4
12132.6 18088
15347.8 25600
10066.1 24995.5
17603.5 38426.9
3201.24 20834
6470.11 25832.8
16949.1 1906.62
29089.6 36613.8
4580.92 26151.2
29630.2 41926.6
4236.53 24224.5
12416.2 14393.6
20147.8 32190
14157.4 32421.4
17607.5 39063.3
26647.4 4880.97
7813.57 4832.87
8276.31 15640.7
36405.5 24520.5
32944.6 11223.9
31176.9 26269.2
39370.8 23963.2
16876.8 38527.6
33645.1 13813.1
13363.9 6835.75
11449 26467.2
22827 10795.2
20375.8 9348.9
5881.02 12111.8
5483.96 3347.39
25382.1 42008.9
8978.23 12794.4
37972.1 23136.4
9419 12272
31393.7 12877.8
6823.85 8808.65
4212.18 26855.3
29786.2 10434.3
27955.9 9459.69
25959.2 8329.91
14731.3 27147.9
5243.44 24490.1
8855.79 15453.1
7601.04 92.5535
17291.3 1255.35
9762.52 15376.2
38875.1 272.474
31953 10015.9
7594.16 23391.3
19419.3 1583.85
19515.8 42539.9
8926.86 25290.8
27628.8 39976
23699.3 35544.6
30347.7 36903.9
2084.02 1378.53
22165.9 9377.47
7233.22 15926
32911.3 43286.3
20130.1 33767.9
29411.8 38458.9
35894.4 44347.7
22175 41053
20178.3 31279.9
9631.72 14491.4
23952.6 38986.1
22602.8 10428.9
18263 27292.4
20105.8 9965.17
35096.9 13742.6
6054.87 16548.4
6660.37 28221.2
20811.3 31359
12967.2 1805.57
24023.6 44542.7
21376.9 26816.8
5410.73 22916.8
17592.7 1109.69
6583.56 21254
23396.5 18842.5
26323 8960.84
25616.1 17059.5
9384.51 12905.9
23550.8 8709.48
7435.1 5370.59
8462.63 1453.78
16370.8 1466.73
30548.1 34920.6
3166.06 12670.5
7816.44 1499.07
28222.4 4524.57
35011.1 22921.3
31197.5 24584.5
5911.46 18721.8
9835.3 13915.8
8488.96 25347.6
19533.4 9799.21
6981.25 25816.4
6780.53 7846.88
6206.89 7512.54
20574.4 38490.2
35484.8 40209.8
10170.7 11285.6
12539.2 17767.8
10632.8 25991
3475.54 10997.4
27872.3 42866.6
36663 23426.6
16821.1 40052.5
36098.9 515.914
34181 38350.5
26855.5 8829.71
6299.02 19375.7
35025.4 26575.4
3425.08 12832.1
20329.3 29421.6
20963.4 8950.3
6075.18 11677.3
4052.21 4023.76
26459.1 10861.4
25291.4 19667.5
29602.1 39423.5
41726.2 25083.7
32037.1 14074.9
22633.5 40595.6
5628.72 4857.69
10457.8 26388.6
31673.8 36663.4
12446.2 17083.3
24913.6 7953.77
22693.4 40218.1
15360.9 158.527
6457.56 17975
2722.22 11584.9
35990.4 43500.8
19084 9567.98
23811.8 19600.4
34891.5 3908.15
35513.2 42401.6
7947.28 27092
30303.8 23506.9
12425.4 15669.4
24205.3 18808.5
23404.9 31184.9
5254.34 12604.3
36694.1 1854.29
7477.26 5278.12
16136.4 29349.1
12323.7 15008.5
42352 2408.46
4556.28 12089.7
4683.27 496.279
35022.3 3485.93
8860.57 13153.6
30286.9 11716.5
34467.7 318.706
32940.3 6432.01
34942.1 37764.1
19884.9 38250.3
19047.8 41419.9
35477.5 1208.26
37520.4 883.409
26490.2 39820.2
18044.7 39279.9
37122.6 40414.9
5350.08 12206.2
5276.72 22682.6
25862.1 48017.4
35225.2 43323.4
20653.1 33782.2
4920.36 26793
3413.06 21077.9
22933.1 35972.2
35121.4 26317.6
35089.1 40384.3
3811.83 13801.2
20201.1 32438.5
4473.69 23637.1
6692.49 20709.4
7334.49 9497.66
3337.05 21854.3
18729.5 20819.3
24024.5 44499
21520.4 7900.91
34742 14431.2
34630.1 13402.7
23264.4 30293.5
11217.6 11922
22948.3 35000.9
28933.4 39861.7
29859.5 23171.1
35255.1 42296
8434.73 13403.3
16531.1 27933.5
34198.8 36330.9
3542.71 14324.6
3863.64 11203.9
16796.8 1263.46
35353.9 734.717
19848 29888.3
16265 25812.9
34925.8 23755.8
12666.7 6488.67
12331.5 25901.7
20092.2 40156
19348.1 40287.6
32480.8 10845.4
31650.9 13308.7
8481.11 12216.4
35886.8 26045.6
30689.8 24819.9
2099.78 23829.5
9416.58 14812.6
8555 17819.8
2420.1 21864
21383.2 7525.12
8119.75 275.476
22222 35332.1
25561 44209.7
21139.7 10262.2
23968.8 10100.8
25403.8 6906.62
25342.9 46900.2
3986.37 3530.98
6020.53 3907.74
23500 9300
21137.8 8163.58
25119.8 39197.7
1463.03 12206.7
18648.4 43467.5
24457.6 9178.01
24785.9 20342.7
4212.61 3137.18
23376.7 30651.3
28996.3 38516.4
20815.6 7329.49
20592.4 37768.2
4926.38 10347
25631 40528.1
2744.08 24502.4
19139.8 33744.4
11307.7 27196.2
30236.6 39732.7
7980.56 19681.5
105.809 10359.1
15305.7 2146.37
5407.68 4185.5
7887.65 16381.7
4600.93 24502.9
28808.1 20260.9
26927.7 9126.61
21120.2 34117
10953.2 17087.2
5791.04 21735.5
5137.52 17403.2
19912 9856.71
4743.31 26852.3
32615.6 13268.2
27616.8 6379.79
29833.6 37204.4
28159.9 43040.8
5927.96 2337.8
17234.9 789.213
25999.8 44851.7
20016.8 41067.3
36487.9 40835.2
23315.1 9402.68
20609.3 34169.9
2811.7 1287.2
17156 37711.2
22317.5 40280.4
10285.3 13026.9
8549.3 26603.9
16774 842.532
5271.87 16900.8
6213.31 22934.3
19640.6 43199.6
10197.6 13311.2
26426.9 18612.5
17458.8 2182.41
34372.6 36036.2
3203.82 12568.7
1300.76 11899
26669.7 6571.8
20123.4 29921.4
15779.5 1657.76
28977.6 41841
29545.5 39369.3
11440.3 13878.1
23189.1 44755
12184.3 13709.5
12459.3 17576
25145.5 7067.78
25684.1 7747.9
24607.2 39772.1
18261.1 24072.5
18128.3 21346.2
13414.4 7473.4
16782.9 26352.9
28088.5 19012
32595.3 39289.7
27676.1 6528.74
32822 14006.9
27812.4 11406.6
15536.2 1828.74
37353.6 23090.5
18278.5 41407.5
24245.9 9599.82
31291.2 24788.4
29125.9 48829.2
23267.9 34601.7
6171.24 582.981
35496.5 37866.7
12597.9 15203.2
30761.1 24747.7
4177.3 336.042
21279.3 9592.46
16044.9 3064.93
17126.7 26571.5
27850.4 43206.6
35453.1 1793.18
38452.2 24092.2
18113.8 42166.3
7616.14 16030
26055 38019.2
19179.2 31975.5
16947 27838.5
25226.9 10681.5
32129.7 9939.1
35955.6 1572.41
17680.8 41516.6
4187.3 26803.2
15288.8 26591.4
17137.4 741.467
3837.31 14014.9
32224.6 26552.1
21351 28857.3
6546.79 16716.5
19375.2 42508.5
35566.3 37721.3
26384 40968.3
13988.5 10522
3969.43 12093.1
18680.1 40408.4
30884.6 22417.1
9778.47 23388.3
14602.3 29649.8
24019.5 19806.3
20777.1 32523.7
32918.2 36376.8
13034.9 6863.79
4543.51 25671.5
7161.18 3521.46
25942.5 7028.72
8063.74 24218
24817.4 17644.4
5663.77 21963.1
31048.7 5939.77
37835.3 22383.4
2258.11 10412.2
22794.8 20922.4
19047.5 41831.8
40940.9 23737.4
26852.7 17442.1
6348.25 20284.8
40628.8 24326.9
14408.2 29280.3
29466.9 23907.8
6117.66 19305.8
35119.3 38097.6
6018.26 1413.25
33269.6 14229.7
5539.37 25549.2
14367.9 2393.41
15375.2 29785.5
35369.8 24136.4
4180.5 24069.3
24491.5 39173.9
23275.6 38660.3
28772.5 10593.9
6870.16 6820.44
18710.2 30223.8
35514.5 4835.14
31212.1 34886.5
35686.5 40702.2
31147.1 36377.6
21899.7 35023.5
4079.12 22562.4
27270.4 5485.27
4784.04 18811.5
14792.2 27070
23339.5 38928.4
