39147.7 16168.8
34617.2 48553.1
13010.4 48081.7
14309.8 18175.9
33866.4 18342.3
8058.24 9053.72
3044.02 39098.9
28448.9 23126.7
37161.3 44161.8
7396.47 10345.3
22281 29156.9
19924.5 39566.7
7541.69 19566.6
32844.1 24047.5
26390.5 7131.51
40646.2 34930
30683 12594.7
16881.9 48822.2
38288.5 20555.2
26465.6 31438.1
19156.7 47068.4
40212.7 23197.8
37891.8 20052.5
15565.6 27736.3
22471.8 18641.4
1199.78 46637.1
25117 46591.9
12749.5 21024.6
31408.8 19556.3
40589.4 33501.5
33691.7 10765.4
49985.3 6539.9
18450 31371.8
4235.99 8848.26
23465.5 45870
20933 28734.8
46319.5 15002.9
33665.8 15619.5
38201 49630.8
16037.2 32506.5
34865 40141.1
7423.54 33025.5
22806.6 934.842
35678.2 30026.6
6669.98 21399.6
35120.4 40983.9
48019.7 41440.7
4875.66 20499.1
831.856 41212.4
44757.7 1415.97
2377.06 40587.1
46971.5 44721.9
34367 4647.79
35865.6 39926.7
18177 17667.6
4168.32 12523.5
42687.7 20996.5
28616.6 24162
13488.8 2401.76
21183.8 43899.1
33352.1 45328.6
22493.2 42989.7
7180.5 8562.22
40796 23371.5
35380.7 43787
40518.1 5667.02
41492.1 15629.9
26960.7 301.374
39286 45606.9
32730 46570.6
1608.6 9793.82
13563.5 40580.4
37695.9 1417.78
47614.5 15828.2
31081.2 39974.3
28051.7 34976
13431.6 22870.4
6411.96 28448.8
5154.72 14305.8
35875.5 30596.4
12294.1 48835.9
10814.3 41779.4
33493.9 22564.6
21955.9 49374.7
30336 45896.1
9799.16 28682.6
39786.3 20161.3
2585.81 19318.2
17651.7 48124.3
49011.5 10887.9
47997.3 5332.81
48597.3 34101.2
38082 27353.2
30992.2 9624.57
24741.6 39903
48461.5 46871.9
14707.5 8836.36
30488.5 15994.7
42372.9 9056.73
1907.97 29026.2
45683 33966.3
45824.5 28840.5
3103.95 43578.9
35314.8 24017.2
10946 41804.1
12947.5 7239.22
37914.5 1272.38
42033.9 6693.15
1843.23 11325.3
23154.3 27538.1
23602.2 2865.7
33746 41084.2
8889.93 24780.2
39717.4 45288.6
43292.4 15631.9
786.057 6892.58
42844.8 7092.66
31348 27757.3
15674 2632.98
10017.8 4599.66
37082.3 15885.3
49531.5 31791
16390.2 49482.8
9168.02 47564.4
15100.6 15204.9
34327.4 44109.6
5260.62 29643.5
1258.87 9945.13
15115.5 41018.7
49968.9 9910.05
30606 17405.6
15945 22575.4
24278 45807
14564.3 15808
19612.1 24652.9
9125.96 28071.7
17605.3 5767.69
45954.7 23809.4
38288.5 30156.1
8510.48 4743.34
22201.3 38309
43187.7 17727.3
40500.9 12732.9
8292.08 30211.1
21465.4 32716.7
10166 48753.3
16880.8 47838
29071.8 23777.1
12646.2 7823.87
9480.3 22488.3
49927.2 569.332
4612.08 18514.4
6621.73 47054.6
46063.7 25818.6
28584.9 4430.17
11572.6 37317.4
6232.6 25473.4
24358.8 12212.7
25580.6 4089.69
10886.9 20214.1
10642.1 16161.7
8494.09 29057.8
4435.56 44171.5
8418 45767.2
7398.3 28610.5
46739.4 32278.6
23819.8 10949
29842.7 16269
49809.9 41799
12314.7 46996.9
29771.8 5738.43
14523 23801.1
7237.23 35225.3
8475.59 34525.8
20664.4 29639.4
23720.3 13536.5
49170.3 14291
8188.31 22458.8
29113.7 46611.4
22985 46909.2
41356.8 3616.4
23184.8 15926.6
32302.6 15934.4
11568.3 25959.4
9826.49 31785.2
42319.4 36701
47522.2 33344.7
4049.08 13439.2
42605.1 37480.7
43742.4 42706.6
43957.3 20845
27064 13973.2
11308.6 47375.6
4023.32 42882.8
11321.3 2002.48
24893.8 28539.9
49935.5 36782.4
26817.2 42167
23432.8 32605.1
7959.78 28503.2
16597.8 13884.3
18565.4 32719.5
34684 12892.3
46626.8 4373.42
39601.6 34462.2
34741 7726.35
41741.9 30307.2
4473.52 36771
2258.59 34535
42330.2 15619.5
38605.1 34614.6
19252.1 37400.3
46403.5 49609.3
1733.37 11345.6
776.661 7530.03
29605.9 16158.9
38983.8 31765
14888.7 10107.8
13519 4330.24
25333.6 5465.42
6785.59 39139.2
36771.4 32469.9
30581.6 13785.8
40118.9 8237.41
9636.51 7454.82
27445.2 36239.5
36759.4 1359.41
32624.3 39251.2
36159.8 36909.1
13820.6 43818.2
4786.58 13406.4
43843.8 16414.4
19767 31341
11003.8 27081
22935.3 14029
473.843 1831.83
30939.1 47844.8
