34655.5 37907.5
9792.07 16340.2
19401.9 37964.1
8965.53 613.084
11301.1 26287.5
23318.2 41001.3
26733.3 47298.2
7517.72 6124.09
34803.2 17151.4
28104.2 19468.9
2658.92 28668.2
11343.7 12251.3
17603.4 41362.7
27967.3 20196.2
15753.9 43767
23680.5 19405.4
14773.9 30779.3
24653.5 38348.3
7884.92 1223.47
13974.4 4441.02
17441 40650.6
6178.98 16082.7
25047 40047.5
8935.56 11851.4
25149 18716.7
6246.7 13789
10480.7 16681
4222.5 20975.7
35827.1 7.55787
10660.1 11685
26096.8 6388.89
21442.8 32594
40236.9 24406.2
13133.1 17123.8
15749.3 40308.7
18761.1 39446.1
34392.5 16260
21494.2 22804.8
4256.43 24863.4
18484.5 2519.52
20866.6 7886.7
16330.4 29133.5
18556 2072.55
20766.8 38127.9
12132.6 18088
4033.05 29496.8
15347.8 25600
10066.1 24995.5
17603.5 38426.9
4300.57 20795.7
16949.1 1906.62
16684.6 42226.9
5048.59 28885.2
14813.4 9311.63
4580.92 26151.2
29254 42960.2
4236.53 24224.5
12004.1 15413.5
20147.8 32190
4978.18 12859
14157.4 32421.4
16508.2 39024.9
26647.4 4880.97
7813.57 4832.87
8276.31 15640.7
36405.5 24520.5
32944.6 11223.9
31176.9 26269.2
28412.9 24377.9
39370.8 23963.2
16876.8 38527.6
33645.1 13813.1
13363.9 6835.75
11449 26467.2
22827 10795.2
14127.6 3495.49
20414.2 10448.2
5881.02 12111.8
6099.07 4259.33
25382.1 42008.9
8978.23 12794.4
37972.1 23136.4
9419 12272
31393.7 12877.8
6823.85 8808.65
4212.18 26855.3
27955.9 9459.69
25959.2 8329.91
14731.3 27147.9
5243.44 24490.1
33900.6 26771.7
13927.3 5268.02
40080 23209.5
8855.79 15453.1
7601.04 92.5535
17291.3 1255.35
9762.52 15376.2
7709.14 24485.2
20452.9 1960.08
19515.8 42539.9
27628.8 39976
24146.7 34539.7
22165.9 9377.47
7233.22 15926
32911.3 43286.3
15310 9782.16
20130.1 33767.9
29411.8 38458.9
35894.4 44347.7
22175 41053
19766.2 30260
9631.72 14491.4
15571.2 43202.9
22155.4 11433.8
36440.4 13405.3
4315.09 29730.5
14465.4 9638.22
20105.8 9965.17
35096.9 13742.6
33940.9 27117.9
6054.87 16548.4
5571.07 28374.3
20811.3 31359
38394.6 25159.1
21376.9 26816.8
6415.63 22469.4
17592.7 1109.69
6583.56 21254
23396.5 18842.5
26323 8960.84
25616.1 17059.5
9384.51 12905.9
23550.8 8709.48
7435.1 5370.59
8462.63 1453.78
16370.8 1466.73
3166.06 12670.5
8263.85 494.168
14822.3 37950
36068.5 23224.5
31197.5 24584.5
6823.4 18106.6
9835.3 13915.8
8865.18 24314
19533.4 9799.21
6780.53 7846.88
6206.89 7512.54
20574.4 38490.2
35484.8 40209.8
10170.7 11285.6
12539.2 17767.8
10632.8 25991
16334.8 43815
3475.54 10997.4
13780.1 5374.2
36663 23426.6
16821.1 40052.5
36098.9 515.914
26855.5 8829.71
6299.02 19375.7
34289.3 27392.9
2513.14 12217
20848.5 7856.32
6075.18 11677.3
4052.21 4023.76
26459.1 10861.4
17159.4 43569.3
25291.4 19667.5
29602.1 39423.5
15821.4 39974.9
41726.2 25083.7
32037.1 14074.9
5781.82 5946.98
10457.8 26388.6
12446.2 17083.3
24913.6 7953.77
21647.3 40558
15360.9 158.527
6457.56 17975
2722.22 11584.9
35990.4 43500.8
14244.1 6008.19
19084 9567.98
23811.8 19600.4
4338.55 29654.2
34891.5 3908.15
35513.2 42401.6
7947.28 27092
30303.8 23506.9
12425.4 15669.4
24434 19884.5
15798.7 40990.6
23404.9 31184.9
5254.34 12604.3
36694.1 1854.29
7477.26 5278.12
16136.4 29349.1
12323.7 15008.5
4556.28 12089.7
4683.27 496.279
15325.3 42683.9
8860.57 13153.6
2915.01 27501.6
30095.9 12799.8
34697.8 5260.81
34467.7 318.706
13670.9 17143.4
34942.1 37764.1
19884.9 38250.3
19047.8 41419.9
35477.5 1208.26
38577.7 1186.61
27281.4 39056.1
17056 39762.1
35294.4 15056.1
37122.6 40414.9
5350.08 12206.2
28008.2 20232.7
25862.1 48017.4
35225.2 43323.4
21710.5 33479
4920.36 26793
15376.2 9363.25
16966 42601.1
3413.06 21077.9
22318 36884.2
35121.4 26317.6
35501.2 39364.4
3811.83 13801.2
20201.1 31338.5
14452.8 36626.8
34705.5 17933.5
4473.69 23637.1
6692.49 20709.4
15043.8 9358.35
7334.49 9497.66
3337.05 21854.3
2570.65 28219
40116.3 23623.8
24024.5 44499
21520.4 7900.91
34742 14431.2
34630.1 13402.7
24361.7 30216.7
10735.4 12910.7
22948.3 35000.9
28933.4 39861.7
15318 37212.7
28992.7 23848.3
35255.1 42296
8434.73 13403.3
34198.8 36330.9
3863.64 11203.9
17313.2 292.22
35353.9 734.717
19848 29888.3
35670.4 13022.4
34622.6 24813.2
13760.7 6373.69
20092.2 40156
19348.1 40287.6
33564.1 10654.4
31650.9 13308.7
8481.11 12216.4
14799.9 36810.2
35886.8 26045.6
29925.7 24028.7
2099.78 23829.5
9416.58 14812.6
8555 17819.8
2420.1 21864
21383.2 7525.12
8119.75 275.476
22031 34248.8
21139.7 10262.2
23968.8 10100.8
25403.8 6906.62
3986.37 3530.98
6020.53 3907.74
23500 9300
20040.5 8086.84
25119.8 39197.7
913.025 11254.1
18065.5 44400.4
24457.6 9178.01
24785.9 20342.7
4212.61 3137.18
23376.7 30651.3
28996.3 38516.4
20815.6 7329.49
20592.4 37768.2
4926.38 10347
25631 40528.1
2744.08 24502.4
19139.8 33744.4
11307.7 27196.2
29231.7 40180.1
7980.56 19681.5
4127.98 28511
482.031 9325.39
15717.8 3166.27
3387.55 27213.5
7887.65 16381.7
4600.93 24502.9
28808.1 20260.9
26927.7 9126.61
21120.2 34117
10953.2 17087.2
5791.04 21735.5
5137.52 17403.2
19912 9856.71
4743.31 26852.3
32615.6 13268.2
27616.8 6379.79
15028.2 10099
5927.96 2337.8
17234.9 789.213
25999.8 44851.7
20752.8 41884.8
36487.9 40835.2
23315.1 9402.68
20609.3 34169.9
3547.74 469.738
3512.8 28923.6
17156 37711.2
22317.5 40280.4
10285.3 13026.9
16774 842.532
5271.87 16900.8
6213.31 22934.3
19640.6 43199.6
10197.6 13311.2
3783.62 25378.5
26655.6 17536.5
17192.7 1115.09
34372.6 36036.2
3203.82 12568.7
217.473 12090
26669.7 6571.8
36448.7 39451.9
20123.4 29921.4
15015.4 866.483
29545.5 39369.3
3090.98 25819.6
11440.3 13878.1
23189.1 44755
12184.3 13709.5
13535.2 17347.3
25684.1 7747.9
17185.2 24301.2
13414.4 7473.4
28088.5 19012
31777.9 38553.7
26723.5 7078.74
16971.8 43684.9
32822 14006.9
27812.4 11406.6
15536.2 1828.74
37353.6 23090.5
15068.1 5387.36
5819.84 29294.6
18278.5 41407.5
24245.9 9599.82
31291.2 24788.4
23267.9 34601.7
7247.2 354.278
35496.5 37866.7
13415.3 14467.1
30761.1 24747.7
4177.3 336.042
21279.3 9592.46
16044.9 3064.93
17126.7 26571.5
27547.2 44264
35491.5 693.848
38223.5 25168.1
17014.4 42127.9
7616.14 16030
19179.2 31975.5
34473.2 16883.4
24159.6 10415.4
5503.83 13799.6
33175.9 9599.19
35955.6 1572.41
28410.3 4077.35
17680.8 41516.6
5207.21 26391.1
15288.8 26591.4
17137.4 741.467
3837.31 14014.9
32224.6 26552.1
21351 28857.3
5489.4 17019.7
19375.2 42508.5
35566.3 37721.3
26384 40968.3
14959.7 10005.6
3969.43 12093.1
19546.9 39731.1
30402.4 21428.4
14602.3 29649.8
24019.5 19806.3
20777.1 32523.7
32918.2 36376.8
13034.9 6863.79
4543.51 26771.5
15839.2 39246.5
4119.33 30225.8
25942.5 7028.72
24817.4 17644.4
5929.88 20895.8
37835.3 22383.4
2705.52 9407.28
22679.8 19828.5
19047.5 41831.8
15232.2 38643.5
40528.8 22717.4
26852.7 17442.1
40628.8 24326.9
14408.2 29280.3
29466.9 23907.8
6117.66 19305.8
36090.5 38614
6018.26 1413.25
33269.6 14229.7
6246.44 24706.6
14367.9 2393.41
15375.2 29785.5
35369.8 24136.4
4180.5 24069.3
18295.7 45244.5
23275.6 38660.3
28772.5 10593.9
6870.16 6820.44
18710.2 30223.8
24842 30993.5
35514.5 4835.14
35686.5 40702.2
21899.7 35023.5
4079.12 22562.4
27270.4 5485.27
4784.04 18811.5
14792.2 27070
23339.5 38928.4
15197.5 36791.7
