38368.2 15718.8
35451.7 48890.2
12507.2 48827.8
13620.4 18754.4
32966.4 18342.3
8026.83 8154.27
3712.85 38496.7
29304.9 23404.8
36853.4 43316.1
8287.72 10470.6
21777.7 28410.7
20633.7 39012.6
7091.69 18787.2
33607.3 23570.6
25504.1 6975.23
40428.5 34056.8
31186.3 11848.6
16073 49216.8
38625.7 19720.7
25962.4 32184.2
19464.5 46222.7
41034.8 23563.9
37554.7 20887
15257.7 28582.1
21615.9 18363.3
1565.84 45814.9
24271.3 46899.7
11854.4 21118.7
31160.8 20421.5
39754.9 33164.3
34437.8 10262.1
49354.9 7032.43
18900 30592.4
4298.77 9746.07
24174.7 46424.1
20745.9 27854.4
45421.7 15065.7
33358 14773.8
37645.7 49738.7
15974.4 31608.7
33967.2 40203.9
6776.13 33650.7
22277.6 206.727
34832.5 30334.4
7569.43 21431
35915 40561.4
39648 24372.1
48644.9 40793.3
5740.8 20747.2
39.6418 41101
44820.5 518.164
2345.65 39687.6
46663.7 43876.1
34704.2 5482.25
35834.2 39027.3
17311.9 17915.6
4877.53 13077.6
42469.9 21869.8
28087.6 23433.9
14380 2276.51
20288.7 43805
33569.8 46201.8
22185.4 42144
7149.09 7662.77
39961.5 23034.4
36254 43569.3
39939.6 4977.58
42094.4 14961.1
26061.3 269.964
40172.3 45763.2
32761.4 45671.1
722.272 9950.1
13141 41375.1
37070.7 770.373
48117.8 15082.1
30658.6 40768.9
28797.8 34472.7
12551.3 22683.3
6017.43 29257.7
5683.73 13577.7
36748.8 30378.7
11399 48741.8
10506.5 42625.1
34119.1 23212
21100 49096.6
30336 44996.1
10527.3 29211.6
38899.9 20317.6
2803.54 18444.9
16857.1 47701.8
49613.7 10219
47841 6219.14
48094 33355.1
38476.6 28162.2
31701.4 10178.7
25343.8 39234.2
47698.3 47348.8
13812.4 8742.29
30394.4 15099.7
42621 9921.86
2576.8 29628.5
46372.4 34544.8
46219 28031.6
2324.52 44028.9
35377.6 23119.4
10123.8 42170.2
12470.6 6475.98
37019.5 1366.46
41455.4 7382.59
1195.82 10700.1
23279.5 28429.4
24424.4 2499.64
33777.5 41983.7
8067.74 25146.2
39008.1 44734.5
42401.2 15506.7
1659.32 6674.85
43294.8 7872.08
31379.4 28656.7
15674 1732.98
10494.7 5362.9
36413.5 16487.5
48929.3 32459.8
15861.2 48754.7
9815.43 48189.6
15318.4 14331.7
33990.2 43275.1
5416.9 28757.1
2053.53 9522.61
16001.8 41175
49996.8 10709.6
30606 16505.6
15071.7 22357.7
24644.1 44984.8
15358.9 16230.5
20006.6 23844
9343.69 27198.5
18368.6 5290.76
45081.5 24027.1
37389 30187.5
7688.29 4377.28
22890.7 37730.4
44052.9 17975.4
40977.8 11969.7
8166.82 29319.9
20565.4 32716.7
9476.56 48174.8
17409.8 48566.1
29409 22942.6
13541.3 7729.79
9543.08 21590.5
49699.7 1106.22
4057.99 17805.2
5726.66 46960.5
46250.8 24938.3
28863.1 5286.12
11150.1 38112
5334.79 25410.6
25239.1 12399.8
25549.2 4989.14
11512.1 20861.5
9786.16 16439.8
7915.58 28368.4
3766.73 44773.7
9263.73 45459.3
6498.85 28641.9
46926.5 33158.9
24719.8 10949
30265.2 17063.7
49896.8 42291.4
12709.2 46188
29959 4858.1
14100.5 23006.4
6509.12 35754.3
8723.66 35390.9
21550.8 29795.7
23751.7 12637
49536.4 13468.9
7297.07 22333.5
29050.9 47509.2
23233.1 46044.1
42084.9 3087.39
22328.8 16204.7
32427.9 15043.2
11014.2 25250.2
10249 32579.9
42132.3 37581.3
46853.4 33946.9
3801.01 12574
42667.9 38378.5
43648.3 43601.6
44235.4 19989.1
27567.3 13227.1
11556.7 46510.5
3314.11 42328.7
11798.2 2765.72
25519 29187.3
49427.9 37274.7
26340.2 42930.2
24142 32051
8325.85 29325.4
17200 13215.5
18062.2 33465.6
34155 13620.4
46814 3493.09
39726.9 35353.5
34212 8454.47
41434.1 29461.4
5371.33 36833.8
2883.78 35182.4
41435.1 15713.5
37705.7 34646.1
20151.6 37368.9
45794.2 49779
853.037 11158.5
34.914 7829.71
29155.9 16938.3
39712 32294
15254.8 9285.64
13826.8 5175.96
24779.5 6174.63
7565.01 38689.2
36802.8 31570.4
30518.8 12888
40913.6 7814.89
8756.17 7267.7
26681.9 35762.6
37236.4 2122.66
32174.3 40030.7
37046.1 36752.8
13343.6 43054.9
4973.7 14286.7
43134.6 16968.5
18972.4 30918.5
10108.8 27175.1
22779 14915.3
411.062 934.026
30175.8 47367.8
