10139.7 25868.8
22362.1 9218.29
7168.16 15584.6
962.276 11353.4
46591 49355
32037 3367.83
42643.5 15517.2
48897.5 34938.2
7638.17 44956.3
31926.2 548.658
8820.26 49084.4
41018.2 10524.1
13558.5 41458.3
23686.8 40261.1
17245.4 9445.11
36988.6 47081
17495.2 4886.14
30822.6 6291.17
763.068 11943.4
39905.6 13548.6
12090.3 40430.3
35880.8 6135.51
20050 45527.2
21930.3 30154.2
45573.3 11417.6
47862.5 11516.6
36028.6 42336
7145.32 14567.7
4665.04 15702.6
46883.1 45840
16164 42359.8
43491 12175.3
30499 7066.71
46887.3 45761.8
42612.8 14922.7
12321 12540.2
14339.5 8528.01
21144.9 44938.3
6098.02 19591.3
24552.2 47773
47463.7 46424.7
48257.2 34906.4
41353.2 48323.3
22772.7 40560.4
48715 48304.5
15166.1 44305.8
1525.26 13922.7
8808.45 45217.6
43409.3 14921.2
13401.9 12670.3
14599.7 40308.4
8364.08 13985.1
18712.6 44867.4
11088 27727.5
12170.1 49748.8
40055.8 47304.5
17006.9 44027.1
21126 24282.7
5993.84 18948.3
15152.1 29361.1
14416.3 9476.6
6625.98 3527.22
10805 18136.4
3604.58 15616.2
15143.2 25388.6
30689.8 299.262
33566.6 5815.96
26924.4 9700.69
12080.3 14116.8
4327.13 18537.9
28661.7 48341.2
44270.6 11937.7
16777.4 24910
9277.92 45747.7
24269.9 41465.4
46461.2 34880
24319.5 12791.4
8341.55 19299.8
17074 5839.32
37672.3 41335.9
48748.7 34948.3
17773.6 24006.4
37150.5 11125
37507.7 6666.24
13523.2 40415
16908.6 6054.35
8726.89 43603.9
1810.02 14586
36768.6 42892
10036.5 19783.6
37495.8 41426.6
37817.6 43921.8
36901 44466.2
8689.36 24875.1
31506.8 2606.63
10696.3 21073.6
20643.7 42154.9
22347.5 11199.6
10049.6 18971
43810.2 9723.21
12710 25998.1
14828.5 9940.78
3169.23 17167.2
40949.6 46219.5
10300.6 26917.1
21052.9 41265.2
47042.4 34246.6
49253.9 34748.9
12219.6 19233.2
18148.4 47566.1
9590.54 43106.2
9457.42 43858.9
37711 42935.7
46588.7 11623.1
9335.34 25864.7
47410.3 11692.1
9436.73 16892.3
3390.97 8997.84
8994.84 44908.4
8216.83 46360.8
13483.2 38294.9
46620.1 34376.5
7026.28 4439.77
16108.2 29347.5
36343.6 4261.37
35703.6 5905
22413.4 29566.4
22389.8 42136.4
9147.96 42444.8
23898 41487.9
13444.7 41167.9
43138.1 15144
30427.7 842.214
3643.59 17551.9
35777.3 44291.5
11922.1 27351.9
12031.9 41395.6
20431.3 40737.3
7438.26 5147.58
36602.5 11926.6
47214.6 34162.8
35491.5 4610.22
36287.6 46808.4
25979.9 4203.72
7989.08 15115.3
49953.2 37467.6
17943.7 22722.2
18312.3 48805.5
6680.19 15576.8
12637.8 27087.8
37090.8 7706.33
19362.8 22624.4
18932.2 43531.8
20660.2 227.49
18792.7 8668.84
7506.3 45691
2287.22 13121.8
39465.5 43449.6
25529.1 49943.5
9800.59 49188.7
10804.3 20381.6
12121.1 27384.9
37182.3 41554.7
21067.1 44066
10489.6 7518.04
21387.4 10226.7
46572 33809.3
9680.84 40743.5
38349.4 40796.8
9024.92 43975.5
16208.3 7053.7
13388.6 12619.3
5396.1 15466.9
47037.9 10742.6
22857.8 12530.9
10966.7 39399.9
25975.4 10177.1
44245.9 13696.6
14516.8 42420.8
9011.91 25622.8
8041.05 19671.4
14094.1 40058.7
36171.9 41168
48122.8 33248.7
24525.3 4326.87
6611.96 47269.8
40337.9 9937.96
36618.6 43199.6
17400.6 21294.1
31618.2 5060.99
12286.5 14149.7
48703.7 34636.9
13235.2 14609.1
35991 42924.4
27427.8 9160.24
39566.7 42377.6
34781 43512.4
10751.4 42335.2
12580.8 19164.6
49168.2 35717.5
19301.9 8130.41
12849.2 12848.6
36236.5 5468.92
49636.2 37368.7
37232.8 5582.84
36133.4 46788.4
8681.61 4795
18419 23999.5
9175 42151.2
5710.17 17879
40473.7 45950.3
9795.38 41035.9
22435.3 485.542
38716.6 15131.7
6605.69 19876.5
5072.77 17066
35361.8 46374.8
39546 44315.1
39585 46218.6
20946.5 1662.17
38035.7 15659.9
22851 44907.3
36539.5 46902.7
13687.7 39017.2
10001.5 9397.64
28443.6 48831
15931.1 9243.42
18441.7 28775.5
20247 41139.4
24498.5 3846.46
9536.55 26310.7
7470.5 15803.7
11502.6 14144.2
10391.5 25392.2
27427.9 13412.3
14773.3 43201.3
25739.8 5043.05
33402.8 6375.58
46012.1 11241.5
5441.82 19461.1
17504.3 21889.3
19192.5 23657.3
10131.8 12456.4
35070 43985.8
9408.86 20349.1
43479.3 15363.2
37586.3 46814.1
47321.8 34222
24305 48458.7
38408.1 14101.2
25836.1 10931.8
37671.9 16899.9
47804.6 33770.9
15413.9 43645.6
17206.5 10022.3
1905.06 8486.85
44744.2 12530.4
4697.62 18871.3
2906.38 15482.7
24471 49451.7
2693.47 17166.2
38457.2 43475.4
24697 47568.2
35850.7 12565.3
10559.3 40899.1
44635.6 10193.3
8410.57 44670.6
2020.35 14553.5
40439.2 42002.8
8981.09 5156.48
5795.24 17644.6
37082 45475.7
35668.2 13523.1
17025.3 4031.56
36376.9 43346.9
6358.25 18652.3
28313.4 47789.5
20845.4 22688.3
19109 44191.5
6675.36 46520.5
13703.5 9303.45
28129.8 11866
18367.8 23431.8
41643.6 48832.8
5589.84 18821.3
31245 624.182
21699.1 25363.4
36654.8 47401.5
46566.6 33819.8
31487 5187.39
21118.5 25516.6
10786 27575
44657.6 11174.1
8451.21 44403.4
39181.7 41235.1
10481.7 39609.8
40589.6 47948.2
9411.67 45020.7
21474.7 30580.7
8728.7 16568.5
