37584.2 49751.8
5422.08 36957.7
20491.5 26504
22446.1 37596.5
5941.69 16795.3
23239.1 6575.84
39487.3 17588.2
19428.4 17652.5
2501.34 43713.8
20050 28600.6
25987.1 47840.1
20267.7 25604.7
31672.8 40364.4
5121.65 35248.4
32671.2 31121
9868.03 21511.3
41897.8 24850.3
46551.2 137.968
6689.95 14493.6
26735.7 21573.1
16657.6 1956.41
18001.3 43564.6
38461.2 3215.68
23762.7 189.695
37140.2 842.307
29578.9 42799.7
30704.6 33186.6
10301.5 22205.1
5009.17 31325
9719.84 44786.4
18912.5 48385.9
36634.9 20717
3359.96 16213.2
26882.8 37525
11525 8501.87
30154 12812.3
39976.9 9144.49
461.676 9157.01
23599.6 30707
5966.58 26081.7
40123.6 15186.6
3891 6118.43
11469.9 49787.3
5816.29 26492.1
25579.6 42883.6
21014.9 21776.8
42849.8 24583.5
35090.4 30267.8
5587.13 3441.78
18265.4 32716.7
7714.66 46696.4
30270.5 20810.1
2641.97 15992.8
3439.26 46720.1
46729 22688.6
25468.9 7287.74
7598.73 17150.6
6437.17 26606.5
11425 44672.7
4200.25 28722.2
47404.7 35408.6
31345 19094.4
47631.7 42690.8
23815.8 30195.1
28890.5 49803.6
43945.6 1735.48
11328.8 34610.7
43407.9 45889
28853.4 11320.3
1501.68 40912.7
13017 4716.23
47567.2 38626.6
25121.4 44880.7
44508.1 47872.2
2074.72 7005.58
23363.5 7987.05
9556.87 37539.2
30358.4 10593.6
38455.2 4073.17
31024.3 42022.5
39311.1 36353.4
12124.8 41104.4
7821.36 27415.5
