34655.5 37907.5
9792.07 16340.2
19401.9 37964.1
10357.9 759.424
6899.45 25601.2
10064.9 25630.3
23318.2 41001.3
26733.3 47298.2
6993.27 4826.03
28104.2 19468.9
11268.3 18776.4
5921 26069
11343.7 12251.3
10889.6 18121.4
6830.31 21358.2
17603.4 41362.7
5256.29 4748.97
27967.3 20196.2
33073.3 39452.1
24113.1 18074
14773.9 30779.3
24653.5 38348.3
7884.92 1223.47
17441 40650.6
6178.98 16082.7
25047 40047.5
8935.56 11851.4
25931.9 17556
10480.7 16681
4222.5 20975.7
35827.1 7.55787
10660.1 11685
33105.7 38008.2
25853.7 7767.62
21442.8 32594
40236.9 24406.2
13133.1 17123.8
19239.9 38130.5
34294.8 14863.4
22886.5 22658.4
4595.12 23505
18484.5 2519.52
20866.6 7886.7
16330.4 29133.5
18556 2072.55
22153.2 38322.8
13775.3 25549.4
12132.6 18088
15347.8 25600
10066.1 24995.5
17603.5 38426.9
2901.42 20844.5
6470.11 25832.8
16949.1 1906.62
29089.6 36613.8
28503.2 46338.7
4580.92 26151.2
29732.8 41644.7
4236.53 24224.5
20147.8 32190
14157.4 32421.4
17907.3 39073.8
26647.4 4880.97
7813.57 4832.87
8276.31 15640.7
36405.5 24520.5
32944.6 11223.9
31176.9 26269.2
39370.8 23963.2
16876.8 38527.6
32910.5 3359.72
33645.1 13813.1
13363.9 6835.75
11449 26467.2
22827 10795.2
20365.3 9049.08
5881.02 12111.8
5316.2 3098.68
25382.1 42008.9
8978.23 12794.4
37972.1 23136.4
9419 12272
31393.7 12877.8
6823.85 8808.65
4212.18 26855.3
29765.3 10135.1
27955.9 9459.69
25959.2 8329.91
14731.3 27147.9
5243.44 24490.1
28628.9 44443.4
8855.79 15453.1
7601.04 92.5535
17291.3 1255.35
9762.52 15376.2
38586.7 189.783
31953 10015.9
7562.8 23092.9
19137.4 1481.25
19515.8 42539.9
8926.86 25290.8
27628.8 39976
23577.2 35818.6
30347.7 36903.9
2343.82 1528.53
22165.9 9377.47
7233.22 15926
32911.3 43286.3
20130.1 33767.9
29411.8 38458.9
12520.5 24630.9
12411.2 25210.5
35894.4 44347.7
22175 41053
20290.7 31558
9631.72 14491.4
23952.6 38986.1
22724.8 10154.8
18263 27292.4
20105.8 9965.17
35096.9 13742.6
27947.4 47252
6054.87 16548.4
6957.45 28179.4
20811.3 31359
12967.2 1805.57
24320.6 44584.4
21376.9 26816.8
5136.67 23038.8
17592.7 1109.69
6583.56 21254
23396.5 18842.5
26323 8960.84
25616.1 17059.5
9384.51 12905.9
23550.8 8709.48
7435.1 5370.59
8462.63 1453.78
16370.8 1466.73
30548.1 34920.6
3166.06 12670.5
7694.41 1773.13
28222.4 4524.57
34722.7 22838.6
31197.5 24584.5
5662.74 18889.5
9835.3 13915.8
8386.35 25629.5
19533.4 9799.21
6981.25 25816.4
6780.53 7846.88
6206.89 7512.54
20574.4 38490.2
35484.8 40209.8
10170.7 11285.6
12539.2 17767.8
10632.8 25991
3475.54 10997.4
27872.3 42866.6
36663 23426.6
16821.1 40052.5
27183.3 48289
36098.9 515.914
29101.9 47165
34181 38350.5
26855.5 8829.71
6299.02 19375.7
35226.1 26352.5
3673.79 12999.8
20329.3 29421.6
20994.8 9248.65
6075.18 11677.3
4052.21 4023.76
26459.1 10861.4
36864.7 4137.02
25291.4 19667.5
29602.1 39423.5
41726.2 25083.7
32037.1 14074.9
22633.5 40595.6
5586.97 4560.61
10457.8 26388.6
31673.8 36663.4
32685 8746.35
12446.2 17083.3
24913.6 7953.77
22978.7 40125.4
27954.9 4686.8
15360.9 158.527
2722.22 11584.9
35990.4 43500.8
19084 9567.98
23811.8 19600.4
34891.5 3908.15
35513.2 42401.6
7947.28 27092
30303.8 23506.9
12425.4 15669.4
24143 18515.1
23404.9 31184.9
5254.34 12604.3
36694.1 1854.29
7477.26 5278.12
16136.4 29349.1
12323.7 15008.5
42352 2408.46
4556.28 12089.7
4683.27 496.279
35322.2 3475.46
8860.57 13153.6
30339 11421.1
34467.7 318.706
32940.3 6432.01
34942.1 37764.1
19884.9 38250.3
19047.8 41419.9
35477.5 1208.26
37232 800.718
26274.4 40028.6
31908.7 9113.4
18314.3 39148.4
37122.6 40414.9
5350.08 12206.2
28921.5 48273.7
5276.72 22682.6
25862.1 48017.4
35225.2 43323.4
20364.7 33864.9
4920.36 26793
3413.06 21077.9
23100.8 35723.5
28773 4599.5
28039.1 48106.9
35121.4 26317.6
34976.7 40662.5
3811.83 13801.2
20201.1 32738.5
4473.69 23637.1
6692.49 20709.4
7334.49 9497.66
3337.05 21854.3
18978.2 20987
24024.5 44499
21520.4 7900.91
34742 14431.2
34630.1 13402.7
22965.1 30314.4
11349.1 11652.4
22948.3 35000.9
28933.4 39861.7
28671.3 46386.4
30095.9 22986.4
35255.1 42296
8434.73 13403.3
16531.1 27933.5
34198.8 36330.9
3460.02 14036.3
3863.64 11203.9
16655.9 1528.35
35353.9 734.717
31268.4 44688.4
19848 29888.3
32482.4 10281.6
16265 25812.9
35008.5 23467.4
12368.4 6520.03
12031.7 25912.2
20092.2 40156
19348.1 40287.6
32185.3 10897.5
31650.9 13308.7
8481.11 12216.4
35886.8 26045.6
30898.2 25035.7
2099.78 23829.5
9416.58 14812.6
8555 17819.8
2420.1 21864
21383.2 7525.12
8119.75 275.476
22274.1 35627.5
25720 44464.1
21139.7 10262.2
23968.8 10100.8
25403.8 6906.62
25634 46972.7
3986.37 3530.98
6020.53 3907.74
23500 9300
21437.1 8184.5
33765.8 24713.6
25119.8 39197.7
1613.03 12466.5
18807.3 43213.1
24457.6 9178.01
24785.9 20342.7
4212.61 3137.18
23376.7 30651.3
28996.3 38516.4
20815.6 7329.49
20592.4 37768.2
4926.38 10347
25631 40528.1
2744.08 24502.4
19139.8 33744.4
11307.7 27196.2
30510.6 39610.6
7980.56 19681.5
165.576 10487.2
15193.4 1868.22
5407.68 4185.5
7887.65 16381.7
4600.93 24502.9
28808.1 20260.9
26927.7 9126.61
21120.2 34117
10953.2 17087.2
5791.04 21735.5
5137.52 17403.2
19912 9856.71
4743.31 26852.3
32615.6 13268.2
27616.8 6379.79
29833.6 37204.4
27967.1 42810.9
5927.96 2337.8
17234.9 789.213
25999.8 44851.7
19816 40844.3
36487.9 40835.2
23315.1 9402.68
20609.3 34169.9
2610.96 1510.14
17156 37711.2
22317.5 40280.4
10285.3 13026.9
8549.3 26603.9
16774 842.532
5271.87 16900.8
6213.31 22934.3
19640.6 43199.6
29450.4 48016.7
10197.6 13311.2
26364.5 18906
17531.4 2473.5
34372.6 36036.2
3203.82 12568.7
1596.2 11846.9
26669.7 6571.8
20123.4 29921.4
15987.9 1873.56
28689.2 41758.3
29545.5 39369.3
23189.1 44755
12165.8 17638.4
25433.8 6985.09
25684.1 7747.9
24607.2 39772.1
18554.6 24010.1
6916.75 18890.5
18128.3 21346.2
13414.4 7473.4
16782.9 26352.9
28088.5 19012
32818.3 39490.5
27935.9 6378.74
32822 14006.9
27812.4 11406.6
15536.2 1828.74
37353.6 23090.5
18278.5 41407.5
24245.9 9599.82
31291.2 24788.4
29125.9 48829.2
23267.9 34601.7
5877.79 645.355
35496.5 37866.7
12374.9 15403.9
30761.1 24747.7
4177.3 336.042
21279.3 9592.46
16044.9 3064.93
17126.7 26571.5
27933.1 42918.2
35442.7 2093
38514.6 23798.7
18413.6 42176.8
7616.14 16030
26055 38019.2
19179.2 31975.5
16947 27838.5
25518 10754.1
31844.4 10031.8
35955.6 1572.41
17680.8 41516.6
3909.15 26915.6
15288.8 26591.4
17137.4 741.467
3837.31 14014.9
32224.6 26552.1
21351 28857.3
6835.17 16633.8
19375.2 42508.5
35566.3 37721.3
26384 40968.3
13723.6 10662.9
3969.43 12093.1
18443.7 40593.1
31016.1 22686.7
9900.49 23114.2
14602.3 29649.8
24019.5 19806.3
20777.1 32523.7
32918.2 36376.8
13034.9 6863.79
4543.51 25371.5
7161.18 3521.46
25942.5 7028.72
8063.74 24218
24817.4 17644.4
5591.19 22254.2
31048.7 5939.77
37835.3 22383.4
2136.09 10686.2
22826.2 21220.8
19047.5 41831.8
41053.2 24015.5
26852.7 17442.1
6410.63 20578.3
40628.8 24326.9
14408.2 29280.3
29466.9 23907.8
6117.66 19305.8
34854.4 37956.7
6018.26 1413.25
33269.6 14229.7
5346.54 25779.1
15375.2 29785.5
35369.8 24136.4
4180.5 24069.3
24491.5 39173.9
23275.6 38660.3
28772.5 10593.9
6870.16 6820.44
18710.2 30223.8
35514.5 4835.14
31212.1 34886.5
35686.5 40702.2
8311.97 25537.9
31147.1 36377.6
21899.7 35023.5
4079.12 22562.4
27270.4 5485.27
4784.04 18811.5
14792.2 27070
23339.5 38928.4
