1756.16 10722.5
10400.3 21620.4
33213.9 41047.5
13575.9 21093.7
31136.9 41642
34719.8 22410.1
13002.8 23878.7
9159.38 21309.9
29410.5 8913.52
2259.44 9737.7
9392.5 21985.2
10349.3 3653.96
15898.5 21721.1
15616.8 22773.6
16295.9 22737.5
14415.3 23355.3
1559.1 14453.5
12594.6 20339.8
30113.3 6928.37
10945.1 6588.7
33774.9 22171.8
32658.3 18372.6
9691.22 19787.5
31382.7 7481.51
32618.6 19668.5
1314.61 13144.6
19919.1 23508.8
9965.52 20478.9
9186.83 20235.5
39219.4 885.36
41292.9 1513.18
19237.8 24998.3
29894.9 8500.75
1788.99 15032.6
29892.2 6475.77
11707.4 23341.2
2752.62 14975.5
14515.2 23649.3
10690.8 23120.8
19449.2 23907.9
253.471 12388.3
802.526 12619.6
1847.09 10371.8
16326.5 22770.4
38301.7 1589.38
19043.3 26309.5
40885.3 942.086
613.086 12871.5
12811.2 21480.4
1887.87 13959.2
10265.8 6701.78
33153.4 40295.9
10690.1 1646.04
2030.35 13237.1
16664.5 24801.3
9452.37 22816.9
33264.4 18922.7
33038.1 19182
9947.54 21707.8
21168.1 21570.2
10920.8 8645.56
22576.8 21826.6
33462.9 22077.7
38788 410.175
38022 2256.18
2125.9 13184.1
9425.81 20256.3
38781.6 923.962
10268.5 2514.45
39441.5 199.323
31860.1 20145.5
11392.9 22892
9136.81 2752.72
37838.6 2351.57
12501.7 23271
33750 41593.5
34841.3 20739.4
11242.7 6522.09
31509.1 41100.4
29295 41113.3
30744 7625.78
10282.8 3275.67
16477.7 22574.5
2461.18 14144.2
17518.6 22411.6
9312.34 3609.44
9950.21 22214.1
22124.8 22425.7
17496.8 25027.5
32836.4 41288.9
18332.4 24977.7
18959.1 25927.4
17035 20753.8
32709.4 19020.5
1938.54 10856.9
9505.07 22706.6
38207.4 2994.56
40230.1 901.342
14039.9 22942.6
17231.9 22452.6
29607 40748
28874 42891
21850.7 22715.3
31195.7 39687.9
15810.7 23837.8
10733.5 19894.6
31583.4 40989.7
10877.8 7296.04
22953.3 21615.9
9551.98 2460.63
21818.6 21818.2
19630.5 25380.9
16724.2 24709.8
15846.4 22902
17024.7 19100.8
10443.5 21902.7
17189.9 19971
894.249 13027.2
20252.3 21559.9
10720.4 7692.18
1032.22 11073.9
12378.4 22275.8
1710.54 10675
21188.4 20660.3
15345.4 22096.6
25.4154 13951.8
8947.27 22221.3
