10400.3 21620.4
33213.9 41047.5
12788.1 20954.8
31913.2 41835.6
34719.8 22410.1
13002.8 23878.7
9159.38 21309.9
9392.5 21985.2
10349.3 3653.96
15898.5 21721.1
15616.8 22773.6
15554.1 23037.2
13768.1 23825.6
1559.1 14453.5
11833.7 20587
30113.3 6928.37
10945.1 6588.7
34330.6 21596.4
32658.3 18372.6
9691.22 19787.5
31382.7 7481.51
32730 18876.2
1314.61 13144.6
19645.5 22757
9965.52 20478.9
9186.83 20235.5
39219.4 885.36
19237.8 24998.3
29728.5 7718.24
1788.99 15032.6
29892.2 6475.77
11151.7 22765.7
13836.8 23225.3
10690.8 23120.8
802.526 12619.6
16326.5 22770.4
38301.7 1589.38
18692.7 25590.5
40178.9 566.509
1395.6 13037.8
12147.9 21927.8
1887.87 13959.2
10265.8 6701.78
33153.4 40295.9
2030.35 13237.1
16664.5 24801.3
10115.6 22369.5
33264.4 18922.7
33757.2 19532.7
9947.54 21707.8
20380.2 21709.1
10920.8 8645.56
38788 410.175
38022 2256.18
2125.9 13184.1
9100.42 20987.1
38781.6 923.962
9537.63 2839.84
39441.5 199.323
11392.9 22892
9136.81 2752.72
37838.6 2351.57
12501.7 23271
33750 41593.5
34841.3 20739.4
11242.7 6522.09
31509.1 41100.4
30094.6 41085.4
30744 7625.78
10282.8 3275.67
16477.7 22574.5
2461.18 14144.2
16719.1 22439.5
10073.2 3856.65
9950.21 22214.1
17496.8 25027.5
32836.4 41288.9
18332.4 24977.7
18959.1 25927.4
17035 20753.8
32709.4 19020.5
9778.68 21954.8
40230.1 901.342
14039.9 22942.6
16906.5 21721.8
29607 40748
29249.5 42184.6
30703.2 40318.3
15810.7 23837.8
10733.5 19894.6
31583.4 40989.7
10877.8 7296.04
19630.5 25380.9
16724.2 24709.8
15846.4 22902
17024.7 19100.8
10443.5 21902.7
17189.9 19971
894.249 13027.2
20252.3 21559.9
10720.4 7692.18
12378.4 22275.8
15345.4 22096.6
495.644 13304.6
8947.27 22221.3
