39234.3 16218.8
34524.5 48515.6
13066.4 47998.8
14386.4 18111.6
33966.4 18342.3
8061.73 9153.66
2969.7 39165.9
28353.8 23095.8
37195.5 44255.8
7297.45 10331.4
22336.9 29239.8
19845.7 39628.2
7591.69 19653.2
32759.3 24100.5
26489 7148.88
40670.4 35027.1
30627.1 12677.6
16971.8 48778.4
38251.1 20647.9
26521.6 31355.2
19122.5 47162.4
40121.3 23157.2
37929.3 19959.8
15599.8 27642.4
22566.9 18672.3
1159.11 46728.5
25211 46557.7
12849 21014.2
31436.4 19460.2
40682.1 33538.9
33608.8 10821.3
49985.3 6539.9
18400 31458.4
4229.02 8748.51
23386.7 45808.4
20953.8 28832.6
46419.2 14995.9
33700 15713.5
38256.9 49547.9
16044.2 32606.2
34964.8 40134.2
7495.47 32956
22865.4 1015.74
35772.2 29992.4
6570.04 21396.1
35032.1 41030.9
47950.3 41512.6
4779.54 20471.6
930.883 41226.3
44750.7 1515.73
2380.55 40687
47005.8 44815.8
34329.6 4555.07
35869.1 40026.7
18273.2 17640
4089.52 12461.9
42711.9 20899.5
28675.4 24242.9
13389.8 2415.68
21283.2 43909.5
33327.9 45231.5
22527.4 43083.7
7183.99 8662.16
40888.7 23409
35283.7 43811.2
40582.4 5743.62
41425.2 15704.3
27060.6 304.863
39187.5 45589.5
32726.5 46670.5
1707.08 9776.45
13610.4 40492.1
37765.4 1489.71
47558.6 15911.1
31128.1 39886
27968.8 35031.9
13529.4 22891.2
6455.8 28358.9
5095.94 14386.7
35778.5 30620.6
12393.5 48846.3
10848.5 41685.4
33424.4 22492.7
22051 49405.6
30336 45996.1
9718.25 28623.8
39884.8 20143.9
2561.62 19415.2
17740 48171.2
48944.6 10962.2
48014.7 5234.33
48653.2 34184.1
38038.2 27263.4
30913.4 9563
24674.6 39977.3
48546.3 46818.9
14806.9 8846.82
30498.9 16094.2
42345.4 8960.6
1833.66 28959.3
45606.4 33902
45780.7 28930.4
3190.55 43528.9
35307.9 24116.9
11037.4 41763.4
13000.5 7324.03
38014 1261.93
42098.1 6616.54
1915.16 11394.7
23140.4 27439.1
23510.8 2906.37
33742.6 40984.3
8981.28 24739.5
39796.2 45350.1
43391.4 15645.9
689.027 6916.77
42794.8 7006.06
31344.5 27657.3
15674 2732.98
9964.78 4514.86
37156.6 15818.4
49598.4 31716.7
16449 49563.7
9096.09 47494.9
15076.4 15302
34364.8 44202.3
5243.26 29741.9
1170.58 9992.08
15017 41001.3
49965.4 9810.11
30606 17505.6
16042 22599.6
24237.4 45898.3
14476 15761
19568.3 24742.8
9101.77 28168.8
17520.5 5820.68
46051.8 23785.2
38388.4 30152.6
8601.83 4784.01
22124.7 38373.2
43091.6 17699.8
40447.9 12817.7
8305.99 30310.2
21565.4 32716.7
10242.6 48817.6
16822 47757.1
29034.3 23869.8
12546.8 7834.32
9473.33 22588
49913.3 470.305
4673.65 18593.3
6721.18 47065
46042.9 25916.4
28554 4335.07
11619.6 37229.1
6332.35 25480.4
24261 12191.9
25584.1 3989.75
10817.4 20142.2
10737.2 16130.8
8558.37 29134.4
4509.87 44104.6
8324.03 45801.4
7498.24 28607
46718.6 32180.7
23719.8 10949
29795.7 16180.7
49711.5 41816.3
12270.9 47086.8
29751 5836.25
14570 23889.4
7318.14 35166.5
8448.03 34429.6
20566 29622
23716.8 13636.4
49129.6 14382.4
8287.34 22472.7
29120.7 46511.6
22957.5 47005.4
41275.9 3675.18
23279.9 15895.7
32288.7 16033.5
11629.9 26038.2
9779.55 31696.9
42340.2 36603.2
47596.5 33277.8
4076.65 13535.3
42598.2 37381
43752.9 42607.1
43926.4 20940.1
27008.1 14056.1
11281 47471.8
4102.12 42944.4
11268.3 1917.67
24824.4 28467.9
49876.7 36701.5
26870.2 42082.2
23354 32666.7
7919.11 28411.9
16530.9 13958.7
18621.3 32636.6
34742.7 12811.4
46606 4471.23
39587.7 34363.2
34799.8 7645.45
41776.1 30401.1
4373.76 36764
2189.13 34463.1
42429.6 15609
38705.1 34611.2
19152.2 37403.8
46486.4 49553.4
1831.18 11366.4
869.379 7492.56
29655.9 16072.3
38902.9 31706.3
14848 10199.2
13484.8 4236.27
25395.2 5386.62
6698.99 39189.2
36767.9 32569.8
30588.6 13885.6
40030.7 8284.36
9734.32 7475.61
27530 36292.5
36706.4 1274.61
32674.3 39164.6
36061.3 36926.4
13873.6 43903
4765.79 13308.6
43922.6 16352.8
19855.3 31388
11103.3 27070.6
22952.6 13930.5
480.819 1931.59
31023.9 47897.8
