11441.2 22945.5
32037 3367.83
38550.4 19024.1
6356.56 25541.6
1322.83 46066.9
35595.5 15494.3
39725.7 44372
7638.17 44956.3
46928.2 13602.8
31926.2 548.658
18263.4 10581.9
11836.3 48178.1
12338.1 23524.9
23686.8 40261.1
37346.2 18217.4
6967.96 25124.2
40188.6 47081
2766.19 47446.2
25669.7 42493.2
763.068 11943.4
12090.3 40430.3
45573.3 11417.6
25076.2 42314.5
37234.5 20707.8
47862.5 11516.6
36028.6 42336
5744.59 45017.1
2358.72 46272.6
22494.5 14829.2
8980 21068.6
25146 43002.9
43491 12175.3
43066.1 7688.72
2861.65 21880.2
24645.8 43289.6
44274.7 36373.7
14339.5 8528.01
35435.4 14834
37176.5 18515.2
6098.02 19591.3
24552.2 47773
41353.2 48323.3
22772.7 40560.4
16695.3 4238.75
867.087 21770.8
1525.26 13922.7
8808.45 45217.6
13401.9 12670.3
5794.32 25364.3
2585.82 18896.4
46976 9122.8
35735.6 14819.3
34635.5 46250.5
6837.16 18797.1
11088 27727.5
40055.8 47304.5
14083.6 45328.7
37684.6 39386.9
5993.84 18948.3
3407.95 21167.6
15152.1 29361.1
14416.3 9476.6
2615.72 12572.8
19521.2 8887.69
30689.8 299.262
48329.7 34771.9
2560.41 47153.3
23095.5 13761.6
4871.2 46117.8
4845.7 47385.3
4327.13 18537.9
37362.5 37733.6
38056.3 20924.1
11324.5 46428.6
1864.22 46476.7
1565.36 22227.7
33183.8 349.577
11500.8 48049.6
44369.6 36089.1
35057.3 39444.2
24269.9 41465.4
44238.3 37181.8
47962.7 32802.6
18238.1 11182.5
10564.5 21601.7
10713.4 48127.6
37672.3 41335.9
38730 17729
35146.7 15995.8
1081.75 18974.7
17328.3 27175.2
16511 3892.85
38504.1 5756.57
980.117 18180.8
12109.8 37557.9
22182.3 12304
8726.89 43603.9
1810.02 14586
36768.6 42892
37495.8 41426.6
6926.82 12881
37817.6 43921.8
36901 44466.2
8689.36 24875.1
31506.8 2606.63
22347.5 11199.6
43810.2 9723.21
16957 39880.5
38817 17114
38699.9 49440.4
14828.5 9940.78
3169.23 17167.2
36463.4 17016.3
44079.7 45554.2
10300.6 26917.1
4552.94 46915.3
12219.6 19233.2
13709 31458.9
7990.54 45877.5
9457.42 43858.9
37711 42935.7
46588.7 11623.1
9335.34 25864.7
47410.3 11692.1
8994.84 44908.4
8216.83 46360.8
13483.2 38294.9
22389.8 42136.4
9147.96 42444.8
4786.36 45181.9
38351.9 37735.6
27080.5 41822.4
36638.9 6656.09
4512.14 27301
22691.8 15628.7
7739.78 45847.8
33625.7 730.536
3643.59 17551.9
35777.3 44291.5
12031.9 41395.6
20431.3 40737.3
38513.2 48860.8
43037.6 7933.57
35491.5 4610.22
36287.6 46808.4
33234.5 1301.41
20263.6 42792
2275.59 23023.6
47695 34061.1
26101.5 43323.7
2109.83 45716.9
17943.7 22722.2
7624.34 39524.9
19362.8 22624.4
23054 41541.4
16341.3 6611.92
7506.3 45691
759.984 18897
21617.5 12452.6
13531.4 31717
2952.54 9991.71
15023.5 32647.5
40347.6 46525.6
43318.2 45037.1
35272.4 14758.7
33815.6 15740.8
25529.1 49943.5
23240.6 43093.6
34154.6 16024.2
13146.4 30120
10933.8 22425.6
38243.6 38774.3
38214.1 21548.1
37182.3 41554.7
33790.2 671.719
2917.3 20309.8
22378.7 14277.2
17.8494 21357.5
38349.4 40796.8
35083.8 16356.3
13388.6 12619.3
47037.9 10742.6
13724.9 30899
22911.1 25727.8
18346.4 11076.3
10521.4 36231
25975.4 10177.1
5968.53 26611.6
8041.05 19671.4
11018.1 39176.7
34291 38579.1
40187.8 44982.6
48122.8 33248.7
47672.6 10145.8
47205.3 9291.66
3956.53 45651.5
2602.54 47432.4
6611.96 47269.8
11428.7 48560.5
610.039 21401.8
3149.07 46659.1
38674.4 21074.3
37987.1 48904.8
36618.6 43199.6
17400.6 21294.1
35343.5 39666.3
47714.8 37680.3
35991 42924.4
29217.3 6507.32
4266.59 28076.1
39566.7 42377.6
34781 43512.4
10751.4 42335.2
39312.5 41549.4
3892.08 22524.2
33453.8 16388.4
12849.2 12848.6
4892.26 26172.6
3391.3 20617.2
44018.4 8103.05
36133.4 46788.4
14659.8 30505.8
1928.37 47867.6
38111.6 20547.1
18419 23999.5
38424.9 38113.1
9175 42151.2
4315.51 27302.6
5710.17 17879
47562.2 12884.1
34370.2 17139.9
12291.6 22619.2
22435.3 485.542
208.529 10082.5
45113.9 33677.5
7129.69 14614.7
25951.7 43744.1
35361.8 46374.8
33205.7 15730
39546 44315.1
23424.7 43772.4
36539.5 46902.7
39154.9 16444
8031.38 6876
26251.3 49041
20664.6 26473.6
3825.43 46205.4
40983.7 44549.6
14797.9 31185.4
44245.5 9058.56
38855.9 20871.8
12595.7 17806.5
15546.5 39083.4
10391.5 25392.2
15884.1 32669.6
45025.6 33616.9
27427.9 13412.3
15524.3 44066.5
47310.4 13676.6
14055.6 31809.2
33402.8 6375.58
5441.82 19461.1
38643.9 19951.8
17504.3 21889.3
11506.4 20049.6
40141.9 49940.2
17311.6 26246.1
15052.4 31701.1
7405.18 13264.5
1501.75 21232.3
23412.2 13753.4
12092.1 23833.9
37658.8 45866.7
11008.9 17577.8
39556.4 49335.7
24305 48458.7
27224.2 41828
38524.2 37758.8
25836.1 10931.8
5769.2 26024.9
38870.7 19866.9
17924.3 38995.8
13531.7 31637
4697.62 18871.3
232.115 18178.4
14706.1 29373.2
14782.4 32712.9
2906.38 15482.7
2693.47 17166.2
25029.7 40082.2
38457.2 43475.4
24697 47568.2
35850.7 12565.3
10559.3 40899.1
18990.4 40394.3
44635.6 10193.3
16161.6 40691.8
2020.35 14553.5
40439.2 42002.8
37082 45475.7
35668.2 13523.1
17025.3 4031.56
5252.89 46884.7
39090.6 41651.2
6358.25 18652.3
20845.4 22688.3
5173.05 49345.9
13703.5 9303.45
27574.1 8714.61
18367.8 23431.8
41643.6 48832.8
5589.84 18821.3
31245 624.182
21699.1 25363.4
36654.8 47401.5
35263.8 16915.5
26479.4 42470.3
26426.7 43615.6
2810.49 47862.9
12288.3 24749.6
44657.6 11174.1
6420.41 13676.3
10147 47117.2
39181.7 41235.1
16723.2 40502.2
7330.27 40165.4
25558.6 43063.6
40589.6 47948.2
1499.71 23363.7
22776.9 14752.7
8317.21 48027.7
826.85 45650.8
1996.5 22203.1
4991.51 26587.2
