10400.3 21620.4
12689.6 20937.4
32010.2 41859.8
34719.8 22410.1
13002.8 23878.7
9159.38 21309.9
9392.5 21985.2
15898.5 21721.1
15616.8 22773.6
15461.4 23074.6
13687.2 23884.3
1559.1 14453.5
11738.6 20617.9
30113.3 6928.37
10945.1 6588.7
34400.1 21524.4
9691.22 19787.5
31382.7 7481.51
1314.61 13144.6
19611.3 22663
9965.52 20478.9
9186.83 20235.5
39219.4 885.36
19237.8 24998.3
29707.7 7620.42
1788.99 15032.6
29892.2 6475.77
11082.2 22693.8
13752 23172.3
10690.8 23120.8
802.526 12619.6
16326.5 22770.4
38301.7 1589.38
18648.8 25500.6
40090.6 519.562
1493.42 13058.6
12065 21983.7
1887.87 13959.2
10265.8 6701.78
2030.35 13237.1
16664.5 24801.3
10198.5 22313.6
33264.4 18922.7
33847.1 19576.5
9947.54 21707.8
20281.8 21726.5
10920.8 8645.56
38788 410.175
38022 2256.18
2125.9 13184.1
9059.74 21078.5
38781.6 923.962
9446.28 2880.51
39441.5 199.323
11392.9 22892
9136.81 2752.72
37838.6 2351.57
12501.7 23271
34841.3 20739.4
11242.7 6522.09
31509.1 41100.4
30194.5 41081.9
30744 7625.78
10282.8 3275.67
16477.7 22574.5
2461.18 14144.2
16619.2 22443
10168.3 3887.55
9950.21 22214.1
17496.8 25027.5
32836.4 41288.9
18332.4 24977.7
18959.1 25927.4
17035 20753.8
32709.4 19020.5
9812.88 21860.9
40230.1 901.342
14039.9 22942.6
16865.8 21630.4
29607 40748
29296.5 42096.3
30641.6 40397.1
15810.7 23837.8
10733.5 19894.6
31583.4 40989.7
10877.8 7296.04
19630.5 25380.9
16724.2 24709.8
15846.4 22902
17024.7 19100.8
10443.5 21902.7
17189.9 19971
894.249 13027.2
20252.3 21559.9
10720.4 7692.18
12378.4 22275.8
15345.4 22096.6
554.422 13223.7
8947.27 22221.3
