34655.5 37907.5
9792.07 16340.2
19401.9 37964.1
10656.2 790.783
6899.45 25601.2
9800.05 25489.4
23318.2 41001.3
26733.3 47298.2
6880.89 4547.87
28104.2 19468.9
11268.3 18776.4
5921 26069
11343.7 12251.3
10889.6 18121.4
6851.23 21657.5
5256.29 4748.97
27967.3 20196.2
32923.3 39192.3
14773.9 30779.3
24653.5 38348.3
19155.1 27986.1
7884.92 1223.47
25047 40047.5
8935.56 11851.4
10480.7 16681
4222.5 20975.7
35827.1 7.55787
10660.1 11685
33105.7 38008.2
25801.6 8063.06
21442.8 32594
40236.9 24406.2
13133.1 17123.8
19342.5 37848.6
34273.9 14564.1
23184.9 22627.1
4667.7 23213.9
20866.6 7886.7
16330.4 29133.5
22450.3 38364.5
13775.3 25549.4
12132.6 18088
15347.8 25600
10066.1 24995.5
17603.5 38426.9
2601.6 20855
6470.11 25832.8
16949.1 1906.62
29089.6 36613.8
28503.2 46338.7
4580.92 26151.2
29835.5 41362.8
4236.53 24224.5
20147.8 32190
14157.4 32421.4
18207.1 39084.2
26647.4 4880.97
8276.31 15640.7
36405.5 24520.5
31176.9 26269.2
39370.8 23963.2
16876.8 38527.6
32868.8 3656.8
33645.1 13813.1
11449 26467.2
20354.9 8749.26
5881.02 12111.8
5148.44 2849.97
25382.1 42008.9
8978.23 12794.4
37972.1 23136.4
9419 12272
31393.7 12877.8
6823.85 8808.65
4212.18 26855.3
29744.3 9835.81
22296 20662
27955.9 9459.69
25959.2 8329.91
14731.3 27147.9
5243.44 24490.1
28628.9 44443.4
8855.79 15453.1
17291.3 1255.35
9762.52 15376.2
38298.3 107.092
31953 10015.9
7531.44 22794.6
30602.3 44383
8926.86 25290.8
27628.8 39976
23455.2 36092.7
30347.7 36903.9
2603.63 1678.53
22165.9 9377.47
7233.22 15926
32911.3 43286.3
20130.1 33767.9
29411.8 38458.9
12284.1 24446.3
12411.2 25210.5
35894.4 44347.7
22175 41053
20403.1 31836.2
9631.72 14491.4
23952.6 38986.1
22846.8 9880.74
18263 27292.4
20105.8 9965.17
35096.9 13742.6
27947.4 47252
7254.53 28137.7
20811.3 31359
12967.2 1805.57
24617.7 44626.2
21376.9 26816.8
4862.61 23160.8
17592.7 1109.69
6583.56 21254
23396.5 18842.5
26323 8960.84
9384.51 12905.9
23550.8 8709.48
8462.63 1453.78
16370.8 1466.73
30548.1 34920.6
3166.06 12670.5
27547.9 41765.4
38486.9 4216.69
7572.39 2047.2
28222.4 4524.57
34434.4 22755.9
31197.5 24584.5
5414.03 19057.3
9835.3 13915.8
8283.75 25911.4
19533.4 9799.21
6981.25 25816.4
6780.53 7846.88
6206.89 7512.54
20574.4 38490.2
28001.3 45306.9
35484.8 40209.8
10170.7 11285.6
11496.1 22220.5
12539.2 17767.8
10632.8 25991
3475.54 10997.4
27872.3 42866.6
36663 23426.6
27183.3 48289
36098.9 515.914
29101.9 47165
34181 38350.5
26855.5 8829.71
6299.02 19375.7
35426.9 26129.5
3922.51 13167.6
20329.3 29421.6
21026.2 9547.01
6075.18 11677.3
4052.21 4023.76
26459.1 10861.4
36864.7 4137.02
25291.4 19667.5
29602.1 39423.5
32037.1 14074.9
22633.5 40595.6
5545.22 4263.52
10457.8 26388.6
31673.8 36663.4
32685 8746.35
12446.2 17083.3
24913.6 7953.77
23264.1 40032.7
28184.7 4879.63
15360.9 158.527
2722.22 11584.9
35990.4 43500.8
14590.9 31802.4
19084 9567.98
23811.8 19600.4
34891.5 3908.15
35513.2 42401.6
7947.28 27092
30303.8 23506.9
12425.4 15669.4
24080.6 18221.7
23404.9 31184.9
5254.34 12604.3
36694.1 1854.29
16136.4 29349.1
12323.7 15008.5
42352 2408.46
4556.28 12089.7
4683.27 496.279
35622 3464.99
32834.8 8568.49
8860.57 13153.6
30391.1 11125.6
34467.7 318.706
32940.3 6432.01
34942.1 37764.1
19884.9 38250.3
35477.5 1208.26
36943.6 718.027
26058.6 40237
31908.7 9113.4
18584 39016.9
5350.08 12206.2
28921.5 48273.7
5276.72 22682.6
25862.1 48017.4
35225.2 43323.4
20076.3 33947.6
4920.36 26793
3413.06 21077.9
23268.6 35474.8
28773 4599.5
28039.1 48106.9
35121.4 26317.6
34864.4 40940.6
3811.83 13801.2
20201.1 33038.5
4473.69 23637.1
6692.49 20709.4
7334.49 9497.66
3337.05 21854.3
19226.9 21154.8
24024.5 44499
21520.4 7900.91
34742 14431.2
34630.1 13402.7
22665.9 30335.3
11480.6 11382.7
22948.3 35000.9
28933.4 39861.7
28671.3 46386.4
30332.3 22801.7
31788.9 38288
35255.1 42296
8434.73 13403.3
16531.1 27933.5
34198.8 36330.9
3377.33 13747.9
3863.64 11203.9
16515.1 1793.23
35353.9 734.717
31268.4 44688.4
19848 29888.3
32482.4 10281.6
16265 25812.9
35091.2 23179
12070 6551.39
11731.8 25922.6
20092.2 40156
19348.1 40287.6
31889.9 10949.6
31650.9 13308.7
31317.4 44227.1
8481.11 12216.4
35886.8 26045.6
31106.6 25251.6
2099.78 23829.5
9416.58 14812.6
8555 17819.8
2420.1 21864
21383.2 7525.12
8119.75 275.476
22326.2 35923
25878.9 44718.5
27868.5 41236.4
21139.7 10262.2
23968.8 10100.8
25403.8 6906.62
25925 47045.3
3986.37 3530.98
6020.53 3907.74
23500 9300
21736.4 8205.43
33765.8 24713.6
25119.8 39197.7
41087.4 676.245
34193.1 23864.2
24457.6 9178.01
24785.9 20342.7
4212.61 3137.18
23376.7 30651.3
28996.3 38516.4
20815.6 7329.49
20592.4 37768.2
4926.38 10347
25631 40528.1
2744.08 24502.4
19139.8 33744.4
11307.7 27196.2
30784.7 39488.6
7980.56 19681.5
447.484 10589.8
15081 1590.06
5407.68 4185.5
7887.65 16381.7
4600.93 24502.9
28808.1 20260.9
26927.7 9126.61
21120.2 34117
10953.2 17087.2
5791.04 21735.5
19912 9856.71
28818.9 45319.6
4743.31 26852.3
32615.6 13268.2
27616.8 6379.79
29833.6 37204.4
27774.3 42581.1
5927.96 2337.8
17234.9 789.213
25999.8 44851.7
19615.3 40621.4
36487.9 40835.2
23315.1 9402.68
20609.3 34169.9
2410.22 1733.08
17156 37711.2
22317.5 40280.4
10285.3 13026.9
31166 41359.7
8549.3 26603.9
16774 842.532
6213.31 22934.3
29450.4 48016.7
10197.6 13311.2
26302.1 19199.4
34372.6 36036.2
14101.5 20042.7
3203.82 12568.7
1891.65 11794.8
26669.7 6571.8
20123.4 29921.4
16196.3 2089.36
28400.8 41675.6
29545.5 39369.3
23189.1 44755
30227.3 45303.2
11872.4 17700.7
25722.2 6902.4
25684.1 7747.9
24607.2 39772.1
18848 23947.8
7009.46 19175.8
18128.3 21346.2
16782.9 26352.9
28088.5 19012
33041.2 39691.2
28195.7 6228.74
32822 14006.9
27812.4 11406.6
15536.2 1828.74
37353.6 23090.5
19543.2 27904
24245.9 9599.82
31291.2 24788.4
29125.9 48829.2
23267.9 34601.7
5584.35 707.728
35496.5 37866.7
12152 15604.6
30761.1 24747.7
4177.3 336.042
21279.3 9592.46
16044.9 3064.93
17126.7 26571.5
28015.8 42629.9
35432.2 2392.81
38576.9 23505.3
7616.14 16030
26055 38019.2
19179.2 31975.5
16947 27838.5
25809.1 10826.7
31559.1 10124.5
35955.6 1572.41
3630.99 27028
15288.8 26591.4
17137.4 741.467
3837.31 14014.9
32224.6 26552.1
21351 28857.3
7123.55 16551.1
35566.3 37721.3
26384 40968.3
13458.7 10803.7
3969.43 12093.1
31147.6 22956.3
10022.5 22840.1
14602.3 29649.8
24019.5 19806.3
20777.1 32523.7
32918.2 36376.8
26472.9 42635.7
4543.51 25071.5
7161.18 3521.46
25942.5 7028.72
8063.74 24218
24817.4 17644.4
5518.62 22545.3
31048.7 5939.77
37835.3 22383.4
2014.07 10960.3
22857.5 21519.1
41165.6 24293.7
6473 20871.7
40628.8 24326.9
14408.2 29280.3
29466.9 23907.8
6117.66 19305.8
34589.5 37815.9
6018.26 1413.25
33269.6 14229.7
5153.7 26008.9
15375.2 29785.5
4180.5 24069.3
24491.5 39173.9
23275.6 38660.3
28772.5 10593.9
6870.16 6820.44
18710.2 30223.8
35514.5 4835.14
31212.1 34886.5
35686.5 40702.2
8311.97 25537.9
31147.1 36377.6
26747 10077.1
4079.12 22562.4
27270.4 5485.27
4784.04 18811.5
14792.2 27070
23339.5 38928.4
