25999.2 34830.8
4677.69 25606.5
47079.5 31111.6
35603.7 9755.22
7941.69 20259.4
41759.2 21414.5
19644 44404.7
18535.7 32416.9
28005.2 19775.6
14867.8 44598.3
874.392 47368
23431.8 596.632
16254.2 25424
23319.3 24690.8
1138.22 26688.9
2517.34 46016.6
25011.4 15102.7
49325.5 23601.4
30713 18517.8
20415.4 1422.66
1934.99 28006.5
21099.3 29517.3
10822.1 36102.8
41795.4 7827
43159.6 24105.3
37985.2 24018.6
11402.4 40991.4
43967.1 22993.2
49640 10386.5
6023.87 20519.7
44797.9 17502
36823.7 3099.73
29384.5 18049.5
40850.1 16831.1
35843.9 7129.25
16644.3 18.7649
41032.3 6279.85
31456.7 39267.9
47081.8 29443.8
9550.4 27959.2
11521.8 16099.1
12368.8 23914.3
1411.33 4932.19
34313.4 41485.3
40486.2 23837.7
2392.27 20094.4
26316.7 16451
47846.4 31534.5
44736.7 13170.8
7309.55 41009.8
6524.57 41691.7
29878.4 13913.5
45018.4 32978.3
46140 14171.6
36518.8 21094.3
6208.04 12003.5
42324.5 6777.51
15045.9 19913.4
43786 26405.3
16239.4 13872.1
37873.7 23174.4
43633.1 42978.1
44309.6 36730.8
16910.5 8651.69
13568.3 21098.5
42110.9 24696.1
23055.9 15813.5
27646.4 5779.55
44879.2 46589.6
12865.5 3770.23
22998.9 1149.78
39437.4 282.223
7553.85 40520.3
16963.3 21898.8
1633.81 3875.07
4753.98 42830.9
48178.3 21719.5
17516.1 11583.5
29875.4 35526.9
18880.1 33487.9
36932.5 35145.6
24506.9 5735.14
45897.3 26601.1
43443.3 46162.8
32490.9 35676.4
12367.6 25112.1
25608.5 3290.18
42758.9 17644.6
35546.6 45090.8
8041.92 3851.67
32622.4 49856.2
9008.32 29670.6
19323.5 855.78
9524.91 8856.77
17104.4 22206.8
21681.5 15693.9
1673.54 11799.8
17560.7 39226.5
47559 48766.9
7033.8 49665.2
39720.8 10444.9
10002.5 22847.8
10897.4 1324.04
33160 36260.7
12728.8 46008.5
26099.5 36474.3
27241.1 41488.6
41925.5 36810.9
17122.8 38279.6
17276.3 5349.73
6616.36 14196.5
30157.2 3903.25
4345.72 5628.35
3492.14 10234
36309.1 28340.7
16037.5 21742.4
37106.2 45796.6
19960.1 44267.4
9988.61 19634.3
46390.1 38523.2
41470.6 36722.1
593.162 40218.4
27474.6 29422.7
11810.5 35459.4
19322.6 38223.3
16803 33616.8
14958 49559
30637.4 14583.9
10536 30867.9
8450.73 24619.1
13669 18131.3
20084.6 11838.4
43269.5 1702.72
3565.68 6091.52
23516.6 5709.71
26599.9 47802.2
20998.4 5248.71
7654.32 49796.4
34046.2 14468.8
40626.8 11722.8
