26299.2 35350.4
4614.97 25009.8
46559.9 30811.6
35026.9 9589.84
41177 21559.6
20103.6 44790.3
18076.1 32802.5
28464.8 20161.2
14370.3 44933.8
24018.7 471.885
16589.8 24926.6
22887.7 24274
1054.71 27283
1926.46 46120.8
25255.5 14554.5
49200.8 23014.5
31269.3 18742.5
20861.3 1824.14
1426.16 27688.6
10225.4 36165.5
41513.7 8356.77
43529 24578.1
38572.1 24143.4
11684.1 41521.2
43597.7 23466
49322.1 10895.3
5526.45 20184.2
44249.8 17746
36471.1 3585.14
29259.8 18636.4
41035.5 16260.4
36068.7 6572.94
17243.9 39.7046
47541.4 29058.2
9250.4 27439.6
10934.9 15974.3
12124.8 23366.2
1009.85 4486.31
34913.1 41506.2
41034.3 23593.6
26560.8 15902.8
47528.4 32043.3
44492.7 12622.7
7794.96 40657.1
6261.55 41152.4
29982.5 13322.6
45616.9 32936.5
46364.8 14727.9
37109.7 21198.5
6667.66 12389.2
42282.6 7376.05
15632.8 20038.2
44349.8 26200.1
15730.6 14190
38460.6 23299.1
43216.3 43409.7
44288.7 36131.1
16425.1 9004.36
13733.7 21675.3
41965.7 24113.9
23646.8 15917.7
27999 5294.14
44509.8 46116.8
12448.7 4201.84
23280.6 1679.55
39700.4 821.499
7081.05 40889.7
17422.9 22284.5
1057.05 4040.45
4177.22 42996.3
47658.7 21419.5
17760.2 11035.4
30292.2 35095.3
18316.2 33693.1
37417.9 34793
24952.8 6136.61
46022.1 26014.3
44025.5 46017.7
33067.6 35511
12202.2 24535.3
42160.4 17686.5
35504.7 44492.2
8571.68 4133.35
32028.3 49772.7
18826 1191.3
9108.11 9288.38
17187.9 22801
21981.5 15174.3
1955.22 11270.1
17041.1 38926.5
48122.8 48561.7
6727.21 49940.9
40073.4 10930.3
9918.99 23441.9
33284.8 36847.6
13276.9 45764.5
26699.5 36474.3
42225.5 36291.2
16523.1 38300.5
17359.8 5943.89
7033.15 13764.9
30696.5 3640.23
4818.53 5258.96
2901.26 10338.2
36027.4 28870.5
16390.2 22227.8
36597.4 46114.6
19918.3 44866
10405.4 19202.7
45917.3 38892.6
40883.7 36597.4
29.3465 40013.2
28038.5 29217.5
12146.1 34962
18766.3 37998.5
17373.6 33431.4
14526.4 49142.2
11132.7 30805.2
7965.32 24266.4
13149.4 17831.3
20126.4 12437
43846.2 1537.34
3106.05 6477.19
23886 6182.52
26917.9 47293.3
20698.4 4729.09
7063.44 49900.6
34364.1 14977.6
40345.1 11193
