1364.4 9889.31
19234.4 3337.31
24569.7 38715.4
5253.66 41137.7
9450.33 6427.74
22002.7 23000
10577.3 26289
18322.8 7017.14
33871.2 20534.4
47803.1 7010.7
35808.3 47561.3
10.2229 9843.81
39582.4 39484
812.067 26400
28538.6 33425.5
34521.2 14787.5
26179.6 39492.6
45545.6 17922.9
37754.7 48477.3
42021.3 5336.1
17968.9 23748.2
22920.1 11666.8
20516.2 6162.17
27224.5 8092.23
21938.9 38082.8
17658.3 11564.2
30204.7 26976.4
8420.1 18544.3
23704.6 35263.1
12632.9 4229.59
24900.2 38796.3
18191.4 24881.1
25052.5 2383.11
37451.4 36475.3
21406.5 45551.8
20671.1 7535.13
32626.4 41187.9
10238.2 16480.7
3929.33 15234.6
37070.6 22978.8
21133.3 49993.6
25539.5 10686.1
20914.4 21912.3
32700.8 36407.7
22521 7674.52
19751.7 45235.5
34720.3 45655.8
7318.34 47244.5
21578 23081.9
29696.7 19172.2
3826.87 38114.7
20573.5 560.046
25318.7 29603.2
1666.39 13857.5
25076 33267.7
3210.75 21568.6
24698.8 41064
1199.19 25745.1
17520.4 21410.7
1557.88 9316.68
41918.9 10112.8
4098.14 36147.3
25812.9 1049.96
61.182 48216.7
15727.5 40214.6
28753.5 27027.4
2272.38 30362.2
49923 30112.5
24535 27198.3
23362.8 24272.4
25726.3 4492.39
16059.7 39.4859
32432.3 14362.6
44925.1 27714.9
24853.1 31337.2
12111.2 21187.5
39232.4 28147.6
746.076 30742.7
29694.9 10601.4
47613.8 7673.36
16232.3 30524.7
2119.74 22829.3
39332.3 12955
512.251 14338.7
41322.5 10798.8
19173.3 37805.8
17852.9 21053.4
864.414 8568.61
8818.09 10197.7
2109.67 49997.9
22125.2 8068.48
22232.8 42861.1
48903.2 5032.35
27757 27103.1
20448.1 4229.57
31802.7 46072.1
976.973 7616.76
17317.3 21662.9
32979.1 6307.2
15883.7 12854.7
15928.1 40586
2562.75 23989.1
17424.3 36616.5
40776.2 32068.8
37577.4 21462.6
23846.1 2339.55
26259.9 41569.2
49664 3468.01
19988.8 24544
29347.3 10131.8
9907.44 18940.7
30860.9 18828.3
16484.3 45827.5
28330.6 9011.97
6636.03 41245.2
1704.9 13330.5
40444 41610.3
31172.2 4701.23
38936.5 48482.3
20465.8 34240.5
6977.83 24523.9
40787 5352.52
36689.5 21734.3
25566.2 1890.45
19936.9 16469.6
11628.3 10173.1
9750.82 9056.38
6427.59 4561.48
26019.9 12600.2
22545.1 7305.61
42201.4 8511.3
39309.6 19699.6
26335.1 34047.4
11344.1 13434.6
31353.2 18454.9
4445.42 15794.1
18900.6 15356.1
16129.4 29448.6
46577.8 17930.6
14654.2 17580.2
31503.1 29114.6
48558.4 7556.51
18601.8 46695.7
13794.1 27927.5
33708.3 16928.5
19217.9 48693.9
4621.18 26256.4
26939.8 40026.8
25549.3 45184.9
25533.1 28745.2
21536.1 10040
39068.4 32292.4
34812.5 37528.5
41570.7 9394
18533.8 46546.2
8148.34 4879.33
16673.2 31641.6
29684.6 10814.2
1542.89 23616.9
2196.67 23564.2
22302.7 19769.7
34800.7 30449
18040 24324.7
29812.3 35671.5
16645.3 37846.6
36453.3 4119.63
29173 3493.12
12019.5 19934.2
26433.4 27815.1
1067.31 44901.5
2377.93 26621.3
18936.5 34679.8
21742.9 5297.66
27166.5 28295.3
20436.9 37191.9
33024.4 17911
41025 36538.7
49688.8 28997.6
18892.4 20638.9
49058 1724.89
14347.7 27006.8
31576.4 15690.5
30539.3 11407.6
20783.8 20033.7
22698.6 13022.2
28354 43478
34822.5 411.944
16478.3 25655.7
17811.6 12144.2
8776.93 41384.6
45626.3 47439.4
15835 43844.4
15197.4 28366.2
4773.56 11889.9
40013.5 29714.8
28219.2 49872.7
32921.2 41651.7
7259.45 26067.8
37059.1 20148.6
16563.4 28312.6
31456.8 19275.7
5672.14 44792.1
19017 5212.11
44573.1 7980.55
27788.5 40640.1
33711.3 8972.41
16215.6 26714.5
13326.4 6296.57
5199.67 15904.5
49426.4 49876.4
39039.9 30377.1
16332.9 32955.6
28596.4 25463.2
15746.8 30125.8
16390.4 44206.3
24654.3 3105.66
27057.1 44003.6
30379.4 46.1841
3696.3 31788.3
2703.9 8733.99
39302.1 36345.3
21138.5 45104.2
4.11055 35497.6
7061.48 4463
46035.6 38278.8
27260.3 13924.8
1488.9 7893.42
14310 5368.4
31654.2 17426.6
25554.1 8878.71
1834.37 16003.5
37008.7 22175.2
12509.9 4552.22
46233.1 13592.3
21073.7 10135.7
39178.8 2719.54
21538.9 36239.4
20467 3244.69
29483.5 28960.8
46598.3 2168.4
10024.7 41626.8
38777.2 564.008
23551.6 34851.2
5304.96 45853.6
28405 44135.3
14601 41419
46003.2 12389.4
31093.9 38375.9
17418.2 45410.7
46427.9 25066.2
22901.4 21659.6
25045.6 8983.81
3400.92 10949.6
44468.6 5509.2
18047.3 12841.2
19457.6 28289.3
26207.8 8937.96
11731.7 29018.2
20165.9 40923.5
15189.9 24658.4
20259.6 24518
5512.56 44361.8
8979.42 15745.2
28001.3 10117.5
6375.19 43381.8
12376.3 7980.28
23880.5 26517.2
4543.68 7394.55
10896.4 8643.73
22668.1 937.199
6743.38 1750.48
36790.6 9103.4
17579.9 31420.5
49442 1994.32
36661.7 40185.4
28287.9 6727.78
8872.25 34860.6
35593.6 32399.5
6824.54 19839.8
13470.9 26218.2
29659.4 7879.04
3644.91 12811.6
13209.3 37182.4
10798.5 9095.21
35145.6 27878.4
38851.5 10177.7
15917.1 7236.08
27410.5 23984.1
36681.6 6878.51
37850.4 49647
42397.6 18622.5
48991.3 24331.5
26844.3 35349.9
33269.8 36801.9
28811.3 37468.5
37372.5 49439.1
42876.1 32854
32286.2 28964.8
13904.4 43032.9
34676.1 30641.9
59.9268 3038.01
3196.32 34424.1
5756.15 11741.8
26570.8 30748.9
29593.2 42754
34051.8 28871.4
2705.45 23884.5
22001.1 39512.7
28473.7 24065.7
21536.9 21346.4
15167.7 521.051
35128.1 39270.9
41370.4 8466.45
7275.03 16384.2
1594.26 1344.65
46036.6 10348.3
42490.6 14670
3438.53 8381.77
4984.15 20758.7
35684.1 46455.9
34349.6 27788.4
23927 4350.28
16497.1 19668.1
34703.5 19395
31313.3 26127.4
37124.7 3676.14
31217.3 19832
17707.9 2379.1
48463.1 43844.5
24655.2 3261.19
26514.5 24524.5
14657.8 416.399
3872.8 44910.2
27276.8 39179
9623.45 23813.2
5002.64 31274.5
29333.7 18944
23222.6 10090.4
42261.9 5492.38
22494.2 13701.5
29000.9 42513.8
48551.2 4563.19
28451.2 43187.4
24092 31028.5
47160.8 7317.85
34235.4 35642.7
28835 14719.4
3390.45 49631.2
103.307 47386.3
36649.4 27186.3
39244.5 10188.2
18100.2 12116.1
19924.9 6449.05
49498.2 6592.8
2799.25 34598.9
22070 20337.4
28424.5 31253.2
15282 38802.5
28315.4 28895
47833.8 4399.81
17363.6 44009.8
25886.1 2287.32
11433.2 44003.4
24857 34499.9
41319.4 41524.4
4128.68 34004.7
34932.4 43765.6
11864 32507.9
9354.45 44054.5
13478.1 39797.3
29568.7 17499.3
5536.61 7797.85
25402.9 23365.9
11126.6 14277.3
8363.9 37901
34327.2 41371.6
684.197 19640.4
10516.3 23716.8
26233.2 11730.3
17855.1 16044.6
24522.8 8585.25
10643.9 20654.2
36162.7 27582.9
11365.5 26469.1
12274.2 20290.4
3652.38 37373.2
36139.4 38195.1
24611.8 23714.7
11760 5429.74
43906.5 49687.9
22003.1 29295.2
35110.5 48610.9
20913.3 8241.15
18292.8 25349.9
18603.9 8799.03
39687.5 39771.4
25343.9 34866.3
26283.6 13186.2
5730.75 7281.18
32848.5 4917.54
19902.4 7224.68
11580.1 5596.26
45904.4 49919.7
22483.6 26321.2
32295.9 37051.2
14129 33772.1
6526.28 18983.9
20051.4 12288.2
25847.5 49168.7
17251.3 20646.5
24382.5 10203.8
28890.2 31226.1
956.407 33597.5
27965.5 37153.6
36607 26028.7
31393 43097.3
39050.2 33905.2
24152.3 26484.1
22883.5 18311.4
29282.8 36495.1
31820.6 32688.4
34175 20668.8
11617.5 29041.2
27473.8 26872.6
30399.2 9550.31
13181.6 9567.46
