1572.31 8911.16
20022.4 3952.97
24361.8 39693.5
5392.83 42127.9
9692.26 7398.03
22590.5 23809
10170.5 27202.6
19284.1 7292.78
33105.2 19891.7
46805.6 7080.45
36748 47903.4
513.496 9097.68
40391.4 38896.2
951.24 25409.7
28263 32464.2
33852 14044.4
26945.6 40135.4
45510.7 18922.3
36784.4 48235.4
41036.5 5509.75
17968.9 22748.2
22781 10676.5
21415 6600.54
27754.4 7244.18
21244.3 38802.1
18032.9 12491.4
30446.6 26006.1
9410.37 18405.1
24111.3 36176.6
13441.9 4817.37
24370.3 37948.3
18433.3 25851.4
24333.1 1688.45
37793.4 35535.6
20466.8 45209.8
20946.7 6573.87
33492.4 41687.9
9495.06 15811.6
2978.27 15543.6
37540.1 22095.9
20143 49854.4
25400.3 9695.79
20195.1 22607
32700.8 35407.7
22486.1 6675.13
18942.7 44647.7
33806.7 46062.5
7692.94 48171.7
20580.5 23012.1
30694.3 19241.9
2865.61 38390.3
21120.1 171.119
24703 30391.2
668.825 13927.3
24136.3 33609.7
4150.44 21226.6
23955.7 40394.9
1407.1 24767
17796.1 22372
2345.89 8701.02
41249.7 10856
4306.05 37125.4
26187.5 1977.14
303.104 47246.4
16315.3 41023.6
27783.2 27269.3
1321.33 30053.1
49923 31112.5
23621.4 26791.6
23053.8 23321.3
24736.1 4353.22
17049.9 178.659
33402.6 14120.7
24133.8 32031.9
13081.5 20945.6
38366.4 28647.6
987.998 29772.4
30503.9 11189.2
48598.6 7847
15232.9 30489.8
3081.01 22553.7
40322.6 12815.8
616.779 13344.1
40734.7 11607.8
18557.7 38593.8
17957.4 20058.9
1480.07 7780.6
8476.07 11137.3
1109.67 49997.9
22532 7154.94
22267.7 43860.5
49769.2 5532.35
27287.6 27986
20517.9 3232.01
31159.9 45306.1
1947.27 7374.84
16319.7 21732.6
33767.1 6922.86
16442.9 13683.8
15014.6 40992.7
3476.3 23582.4
18272.4 37146.4
40133.4 32834.9
38046.9 20579.6
22861.3 2513.2
25298.6 41844.8
49613.3 3600.04
18998.5 24404.8
29990.1 9365.72
9872.54 19940.1
30860.9 17828.3
17411.5 45452.9
29139.6 8424.18
6197.66 42144
2292.69 12521.5
41434.3 41471.2
31276.8 3706.7
39802.5 48982.3
20257.9 35218.6
7384.57 23610.3
39847.3 5694.54
37688.9 21699.4
26556.5 2029.62
19349.1 15660.6
10643.5 9999.45
10280.7 8208.34
6601.24 3576.67
25880.7 11610
23288.3 7974.74
41240.1 8786.93
25865.6 34930.3
11782.4 12535.8
30853.2 17588.9
3455.15 15654.9
19488.4 16165.1
15131.9 29378.9
14929.8 18541.5
32464.4 28838.9
47915.6 8322.56
17674.6 46321.1
12796.5 27997.2
33208.3 17794.5
18748.4 49576.8
5208.97 25447.4
26470.3 40909.7
26543.8 45289.4
24571.9 28469.5
22345.1 10627.8
39787.7 31597.7
34742.7 36530.9
42158.5 10203
18159.2 47473.4
8891.48 5548.46
15673.8 31676.5
30184.6 9948.15
2158.56 22828.9
1256.98 23906.2
21659.9 19003.6
35791 30588.2
17296.8 23655.5
29046.2 36314.3
17558.8 38253.3
36661.2 3141.48
29033.8 2502.86
11489.6 19086.2
27316.4 27345.6
791.677 45862.7
2551.57 25636.4
17946.2 34819
22551.9 5885.45
27885.9 27600.6
19538.1 36753.5
33198.1 16926.2
41525 37404.8
49653.9 29997
19168.1 19677.6
49700.7 2490.93
13420.5 26632.1
31983.1 14777
29640.5 11845.9
20224.6 19204.6
21850.6 12492.3
27947.3 42564.5
33871.4 102.927
15478.9 25690.6
18053.5 13114.5
7947.89 41943.8
46611.1 47265.8
16241.8 44758
14199.8 28296.4
3890.61 11420.4
39606.7 30628.3
27576.4 49106.7
33196.8 42612.9
6376.5 25598.3
37589 20996.7
16188.8 27385.4
32427.1 19517.6
5056.48 45580.1
20007.3 5351.28
44947.7 8907.74
27350.1 39741.4
34180.7 8089.47
15906.6 25763.4
12856.9 5413.62
5606.41 14990.9
49726.4 49976.4
39509.4 31260.1
15332.9 32955.6
28422.8 26448
14898.7 29595.9
15624.3 44849.1
24619.4 2106.27
27022.2 43004.2
29379.4 46.1841
4693.86 31718.6
2945.82 9704.29
39740.5 37244.1
20211.4 45478.8
901.918 35434.9
7337.12 3501.74
45095.9 38620.8
26672.5 14733.8
1662.55 6908.61
13871.6 4469.61
32520.2 16926.6
25658.6 7884.19
1834.37 15003.5
37624.4 21387.2
13229.3 5246.88
46848.8 14380.3
20485.9 9326.72
40118.5 3061.56
20554.1 36413
19997.5 2361.74
28485.9 29030.5
45750.3 2698.32
10300.3 42588.1
37863.7 157.271
24550.9 34886.1
4866.59 44954.8
28129.3 43174.1
15160.2 42248
45360.4 13155.5
32064.2 38617.8
17887.7 46293.7
47367.6 24724.2
23210.4 20708.5
25633.4 8174.8
2612.91 11565.3
43659.6 6096.98
18577.2 13689.2
19699.5 29259.6
26207.8 7937.96
10734.1 28948.5
19399.8 40280.7
14211.7 24866.3
19308.5 24827
6426.1 43955.1
7989.16 15606.1
27385.6 10905.5
6375.19 44381.8
12906.2 8828.33
23473.7 25603.7
3616.5 7019.94
10426.9 7760.78
22450.4 63.9328
7486.53 2419.62
35877.1 9510.14
18531 31729.5
49903 2655.75
37544.7 40654.9
28847.1 7556.81
9720.3 34330.7
36588.1 32504
6894.3 18842.3
12776.3 26937.5
29833 6894.23
2925.57 13506.2
12361.3 37712.3
11627.5 9654.41
35911.6 27235.6
38476.9 11104.9
15447.6 6353.13
26411.1 24019
37211.5 7726.56
37181.3 48903.9
49985.9 24436.1
26125 36044.5
33200 37799.5
28045.2 38111.3
36506.5 48939.1
42233.3 33620
33247.5 28689.1
14180.1 43994.1
35574.9 30203.6
59.9268 2038.01
3755.52 33595.1
5196.96 12570.8
27399.8 30189.7
29385.3 41775.9
35030 28663.5
3112.18 22970.9
22952.1 39203.7
27476.1 23995.9
20867.8 20603.3
16167.1 555.95
34512.4 38482.9
40471.6 8904.82
7890.7 15596.2
654.57 1002.63
45506.7 11196.4
41960.7 15518.1
4365.72 8007.16
3999.34 20932.3
36427.3 47125
33466.7 28257.9
24715 4965.94
15731.1 19025.4
35698 19499.5
31813.3 25261.4
36139.8 3502.49
32207.6 19692.8
18495.9 2994.76
49272.1 44432.3
25640 3434.84
25600.9 24931.3
15657.2 381.5
3006.78 44410.2
27137.6 40169.3
8683.76 24155.2
4012.38 31135.3
28434.9 18505.6
23152.9 9092.8
41283.8 5700.29
21628.2 13201.5
29766.9 43156.6
47963.4 5372.2
28012.8 44086.1
23326 31671.3
47830 8060.99
34673.7 36541.5
29008.7 13734.6
2390.45 49631.2
1073.6 47144.3
35709.7 27528.3
39682.9 9289.44
18743 12882.1
19309.2 5661.04
49428.4 7590.36
3647.3 34069
21350.6 19642.7
27541.6 31722.7
16272.3 38941.7
29081.4 28252.3
48716.7 4869.28
16597.6 44652.6
24915.8 2045.4
10690.1 44672.5
25854.6 34569.6
42062.5 42193.5
3138.41 34143.9
35520.2 44574.6
10873.7 32647.1
8824.53 43206.4
14287.1 40385
28669.9 17937.7
5571.51 8797.24
25298.3 24360.4
10952.9 15262.1
7393.6 38142.9
34257.5 42369.2
476.285 18662.2
10141.7 24644
25763.7 10847.3
17212.3 15278.6
23880 7819.21
9646.37 20723.9
37028.7 27082.9
12194.5 25909.9
11347 20665
4481.42 36814
36415.1 39156.4
23641.5 23472.8
11933.6 6414.54
42955.5 49378.9
21052.1 28986.2
34494.8 47822.9
21443.2 9089.2
18292.8 26349.9
19010.6 9712.57
39861.2 40756.3
26334.1 35005.5
25695.8 12377.2
4760.45 7039.26
31858.3 5056.72
19432.9 6341.73
12139.3 6425.3
44906.8 49989.4
23226.7 25652
32883.7 37860.2
13299.9 34331.3
6491.38 17984.5
19709.4 13227.9
25152.9 49888.1
16252 20681.4
23687.8 9484.42
28785.6 30231.6
1907.46 33288.4
27656.5 36202.6
37373.1 25385.9
31427.9 44096.7
39359.3 34856.2
23713.9 25585.4
21969.9 17904.6
28399.9 36964.6
30991.6 33247.6
35126.1 20977.8
12426.5 28453.4
28003.7 27720.7
29551.2 10080.2
12333.6 9037.54
