44026.2 31752.8
34655.5 37907.5
238.406 828.455
9792.07 16340.2
14175.3 18324.7
11270.2 45762.4
19401.9 37964.1
30703.5 15415.7
15330.5 1282.07
49656.5 36440.4
8323.76 39607.6
8039.85 39850.8
45394.9 6512.53
6899.45 25601.2
4038.77 29140.6
5650.19 23282.9
10937.9 40840.3
23318.2 41001.3
18964.7 41581.7
31203 14677.2
26733.3 47298.2
47471.1 22541.5
39362.1 40253.8
5120.24 190.109
31026.8 28817.4
37143.9 33399.2
44550 34658.8
38917.1 12248.7
28104.2 19468.9
2658.92 28668.2
48337 47902.2
1147.25 20754.4
14046.5 46969.5
13628 29951.7
11268.3 18776.4
5921 26069
11343.7 12251.3
39090.8 18790.5
42014.2 41685
10889.6 18121.4
7179.09 26346
34254.9 1402.84
39732.4 38478.2
48852.4 5004
17603.4 41362.7
31115.4 29136.4
10279.1 33996.6
5256.29 4748.97
3847.59 32808.9
42261.9 17529
27967.3 20196.2
15753.9 43767
5434.86 48623.2
30573.3 35122
38618.5 17420
30684.7 2480.73
25357.5 14342
47079.6 12171.5
106.08 45112.9
25658.2 13318.7
14773.9 30779.3
24653.5 38348.3
8987.21 49053.3
41318.1 12639.1
4490.41 40061.7
42655.7 46603.4
22686.1 41914.4
11940.8 32951.6
8084.21 48794.1
7884.92 1223.47
43669.5 16934.4
13974.4 4441.02
27597.1 14028.3
44120.5 46549.3
10103.1 45765.7
17441 40650.6
39192.4 37648.6
6178.98 16082.7
23650.7 33450.1
18176.6 17345.6
38863.1 14174.3
25047 40047.5
4338.27 46991.2
46918.4 33982.5
8935.56 11851.4
40665.7 33666.5
28727.8 13410.8
11677.1 40180.8
1964.26 18545.1
10480.7 16681
4222.5 20975.7
35827.1 7.55787
531.82 2728.01
44198 9866
36055.1 46363.6
42549.7 21539.6
37688.9 29325.3
44113.5 40033
10660.1 11685
33105.7 38008.2
37217.1 30273.1
46763.6 23314.3
43381.6 17259.7
15659.8 41966.1
24985.4 12691.7
21442.8 32594
27425.8 15595
19600.6 13804.1
43195.4 48447.4
40236.9 24406.2
33954 45271.6
13133.1 17123.8
30731.5 2222.98
23779.9 12810.3
15749.3 40308.7
16666.4 17644.4
32497.7 46090.1
31201.8 28232.9
46374.1 374.167
7655.13 46051.5
15531.7 4431.74
20950 33432.1
48445.9 39956.9
34706.9 10750.2
42336.7 44483.3
47413.7 1942.97
33946 9875.55
10707.9 36277.1
27859.1 22135.8
13515.1 41050.7
24347.2 11732.4
5804.73 18653.5
45296.8 9128.93
18484.5 2519.52
6697.73 34750.1
20866.6 7886.7
16330.4 29133.5
46768.6 7224.28
19907.9 669.944
18556 2072.55
19725.2 39793.5
27104.5 39018.6
13775.3 25549.4
20735.1 47825.2
43975.1 22072.9
45195 9862.66
17819.9 15999.9
12132.6 18088
24417.3 6237.52
19526.9 13069.8
30879.5 14995.6
40954.2 15389.1
42280.7 47987.8
42433.3 22309.6
41266.6 17618.8
4033.05 29496.8
49995.9 28550.1
22169.5 31159.8
15347.8 25600
10066.1 24995.5
6155.2 33981
11705.1 39560.3
8945.86 46702.8
17603.5 38426.9
41399 35435.2
14826.2 12351.8
19301.9 6152.74
11072.8 45292.9
10440.5 30650.5
46137.8 38922.7
14340.8 40588.9
262.394 22637.7
48108 26880.5
47945.5 2333.53
14443.8 13289.2
6470.11 25832.8
42065.6 10034.9
16949.1 1906.62
38096 9973.89
38170.2 19695
47173.6 3128.19
31224.9 28285.6
18510.3 318.523
1114.81 47245
21858.4 47821.1
8783.47 36851.1
29089.6 36613.8
25159.5 33033
16684.6 42226.9
28905.3 34277.7
25794.5 22921.9
49540.4 25994
17174.3 10834
24881.7 28971.3
12077.5 42685.8
49017 7703.67
5048.59 28885.2
40531.7 30092.6
14813.4 9311.63
7196.41 7386.28
4580.92 26151.2
36816.7 14773.2
47371.3 46430.1
39438.4 37847.4
40910.1 16377.5
31443 36946.2
46686.8 32897.8
4236.53 24224.5
14401.6 9479.49
652.346 7009.69
20147.8 32190
39466.6 7975.05
29961 31466.2
6526.48 19068.9
14157.4 32421.4
22904.3 39248.3
49264.2 11162.2
26647.4 4880.97
47464.3 47422.7
7813.57 4832.87
14108.7 27959.1
46490.4 35134.6
49908.1 14576.4
8276.31 15640.7
36405.5 24520.5
25171 26527.7
32944.6 11223.9
49017.9 17539.8
8525.06 34162.8
7395 48863.2
31176.9 26269.2
28412.9 24377.9
875.933 27638.8
21987.2 18614.1
44219.3 11856.5
39370.8 23963.2
16876.8 38527.6
28784.4 35380.3
1223.75 44876.3
24316.5 23546.3
38461.2 8052.34
41177.5 14432.1
9340.97 9360.92
48044.8 28221.6
33645.1 13813.1
13363.9 6835.75
1109.62 43275.6
18112 5964.58
11449 26467.2
8582.43 46396.2
22827 10795.2
14127.6 3495.49
41928.5 28568.8
11485.4 48498.2
20190.8 4052.13
41034.1 29033
5881.02 12111.8
2252.34 702.273
18112.2 48250.1
47506 38689.2
45453.3 1796.95
5641.63 43084.1
25382.1 42008.9
8978.23 12794.4
45055.4 45083.6
2665.35 34576.1
35750.7 31916.1
37972.1 23136.4
9419 12272
31393.7 12877.8
6823.85 8808.65
4212.18 26855.3
45995.3 44923.7
29416.5 5147.26
44819.2 15669.4
26130.3 27486.1
45176.8 11440.9
27955.9 9459.69
25959.2 8329.91
948.457 3306.18
23147.8 5691.3
44974.8 39390.8
49091 38468.3
44820 12064.8
14731.3 27147.9
29154.5 30155.9
4610.14 48490.3
43562.4 17832.5
49450 17492.2
5243.44 24490.1
33900.6 26771.7
19656.5 49866.6
37780.3 37131.1
40378.5 34701.2
18683.5 9550.45
40080 23209.5
21875.7 14897.9
27885.6 26667.2
17170.3 5448
8855.79 15453.1
1315.93 21641.4
23935.5 26799.9
25555.3 12585.4
7601.04 92.5535
44932.1 30852.6
17291.3 1255.35
25427.8 49096.5
8273.67 32189.3
37341.2 43781.1
9762.52 15376.2
5289.06 37065.2
7040.16 18120.3
15011 830.719
10776.5 38917.4
23326.4 12696
48261.5 46497.5
29750 14592.7
19515.8 42539.9
8926.86 25290.8
39923.4 45662.3
27628.8 39976
43440.7 47779.7
13302.7 37106.6
21543.6 40386.3
37576.3 5599.94
14147.6 39749.5
35143.1 30817.5
25.4214 41029.2
19155.3 4936.13
44355.7 28931.4
30347.7 36903.9
45613.7 48436
19252.7 18047.3
25874 35203.3
45656 24102.3
8752.53 49133.2
6673.95 4028.53
85.2309 17385.6
22165.9 9377.47
19699.9 4704.89
2572.19 32160.8
34426.7 33204
30320.5 4119.22
37230.1 11203
7233.22 15926
46196.6 34764.1
37998.9 12026.5
3315.97 31779.4
7308.86 31595.5
32911.3 43286.3
15310 9782.16
47729.3 32277.7
30879.6 33547.2
31944.5 35803.3
13209.3 2789.93
37274.4 32435.6
39967.5 37976.1
39897.3 30457.6
49614.4 17834.4
45862.5 35968.1
20130.1 33767.9
29411.8 38458.9
1410.94 23097.2
23657.6 32945
2008.36 27360
39943.5 14210.6
19448.2 34854.6
41195.2 13302.1
24642.2 15210.2
9922.09 36535
12411.2 25210.5
46261.7 9819.9
27616.9 12992.4
16776 5437.62
7866.43 31174.3
25249.9 25299.9
15339 28070.6
35894.4 44347.7
22175 41053
22163.7 36194
9631.72 14491.4
42475.7 47081.9
49541.9 10050.7
38442.7 8072.56
40376.3 16991.9
16712.8 14585.5
23952.6 38986.1
15571.2 43202.9
22374.7 17712.2
6102.19 49357.4
12882.9 48962.9
450.18 39104.5
24758.5 5587.08
34600 46804.2
7722.48 38667.6
36440.4 13405.3
44987.8 17268.7
48445.2 20695.8
4315.09 29730.5
1920.3 30352.5
48217.7 11324
34959.1 30875.2
26463.1 28980.6
14465.4 9638.22
17184.5 46959.2
4064.83 35511.1
23831.5 14849.1
1346.98 29898.8
20105.8 9965.17
35096.9 13742.6
33940.9 27117.9
6054.87 16548.4
28111 31778.7
13686.2 44231.8
11908.8 27483.6
20811.3 31359
16969.3 32896.2
12967.2 1805.57
21137.8 11805.1
46090.5 25822.6
37980.6 11582
38394.6 25159.1
11599.7 46280.6
6620.59 36221.2
21376.9 26816.8
568.944 25072.5
17592.7 1109.69
6583.56 21254
23396.5 18842.5
2175.1 35652.8
18900.8 6957.59
10783.3 43910.6
309.839 7545.32
41589.6 14623.3
14108.3 44552
26323 8960.84
25616.1 17059.5
44857.1 29595.3
9384.51 12905.9
23550.8 8709.48
7435.1 5370.59
48001.2 24466.7
15658.7 32854.4
48533.1 12014.9
8462.63 1453.78
16370.8 1466.73
7939.21 40863.4
46702.5 47018.8
30548.1 34920.6
21948.1 48237.5
41890.9 43022
3166.06 12670.5
38085.5 10773.8
20191.1 12571.6
48868 22658.3
5660.73 6340.86
28222.4 4524.57
37254.7 39763.4
3532.39 45712.8
14822.3 37950
2113.11 16473.9
48276.6 34152
29916.4 21460.4
4515.43 6632.98
31197.5 24584.5
1517.56 21685.5
9835.3 13915.8
6676.25 30328
3397.32 37884.4
44217.5 316.963
3879.37 38402.5
19533.4 9799.21
33966.6 29958.1
45241.5 41361.5
6981.25 25816.4
8222.73 30106.8
6780.53 7846.88
6206.89 7512.54
12373.7 4294.58
2718.61 35619.8
20574.4 38490.2
40728.7 15859.6
35484.8 40209.8
22653.2 15468.4
7091.05 37184.5
10170.7 11285.6
37479 45419.9
12539.2 17767.8
10632.8 25991
39391.5 31197.3
16334.8 43815
3475.54 10997.4
44646.3 19664.7
13780.1 5374.2
9450.38 42288.8
36663 23426.6
16821.1 40052.5
30965.5 46228.3
39845.1 37663.1
5996.05 27241.9
23182.3 45732
36098.9 515.914
43409.3 22880.3
22200.6 12823.1
42605.4 8259.54
34181 38350.5
49908.8 21096.1
23106.2 6535.84
22961.1 2936.13
1062.58 32706.9
3574.22 17223.3
1553.04 6628.59
26855.5 8829.71
6299.02 19375.7
46445.4 24420.5
38571.8 22636.8
7818.98 15795.8
20329.3 29421.6
21517.4 14221.3
43135.3 25640.2
6075.18 11677.3
26903.8 2408.86
4052.21 4023.76
8142.27 45687.5
26459.1 10861.4
17159.4 43569.3
4840.81 6329.11
115.174 5163.12
34714 28900.2
8983.98 31918.9
25291.4 19667.5
6593.8 45885.1
29602.1 39423.5
31537.4 16103.6
44954.7 22640.8
1723.91 40050.5
15821.4 39974.9
36286.1 10976
41726.2 25083.7
24727.1 49462.9
12424.3 33161.1
40439.1 41129.3
3175.01 37040.7
48750.2 35742.8
32037.1 14074.9
22633.5 40595.6
7908.97 35718.6
4649.7 47.1239
10457.8 26388.6
31673.8 36663.4
46399 23314.9
12405.3 12691
47006.3 20661.1
22818.9 1442.67
12446.2 17083.3
3855.78 48876.4
17460.4 45668.3
10210.4 9353.89
47860.6 43113.6
3512.48 18187
785.89 7267.31
41425.6 34197.4
70.9301 28855.7
39285 35221.6
24913.6 7953.77
22984.9 6297.11
13669.7 40195.6
34908.6 44924.9
13202.5 38128.6
41928 40973
37567.7 20837.5
18614.7 6513.23
31677.3 16182.2
41294.2 9973.53
49467.6 22327.3
630.847 47731.1
13129.3 40165.4
27734 38580.3
26212.8 34846.6
17716.4 8698.86
15360.9 158.527
1509.89 41174.8
11425.1 49182.1
40459.8 13757.8
46686.4 30936.7
11268.5 32213.6
6457.56 17975
4505.41 41100.5
38734.7 45290.1
24760.2 22196
10868 28279
2722.22 11584.9
47192.5 19278
35990.4 43500.8
16601.5 11531.6
35688.2 33765
48004.6 19559.9
14244.1 6008.19
25092.2 49820
36835.4 27020.9
19547 16144.8
19084 9567.98
23811.8 19600.4
760.789 42506.3
45662.2 7.96156
15849.4 38788.2
4338.55 29654.2
13277.3 45632.3
36398.2 7064.62
49236.6 17301.5
34891.5 3908.15
35513.2 42401.6
40078.2 48416.1
17636.5 48249.1
7947.28 27092
46148.3 2322.18
8607 32306.6
24140 3437.67
45036.9 24402.5
30303.8 23506.9
12425.4 15669.4
23103.4 13624.4
21153.5 17767.2
15798.7 40990.6
45585.6 25034
23404.9 31184.9
5254.34 12604.3
49133.1 47853.4
7332.94 42321.1
36694.1 1854.29
10405.9 33822
37610.4 32858.9
11194.5 39116.9
15145.4 35509.1
7477.26 5278.12
49130.9 28969
16136.4 29349.1
7208.91 37775.3
12323.7 15008.5
49895.4 27582
48925 21042.8
4556.28 12089.7
4683.27 496.279
16041.9 18115.5
39369.7 40558.1
45153.2 10542.9
40319.1 3300.96
2011.85 6626.36
15325.3 42683.9
39567 34279.9
47520.6 45196.7
19126.8 18451.3
38853.6 13317.7
25224 2300.35
16728.4 34481.5
22638.7 910.103
46221.7 37692.8
38522.4 31974.2
8860.57 13153.6
12140.9 36901.7
40399.6 35864.3
5312.5 33435.5
20146.3 5210.92
31207.2 6497.04
37803.4 47626.6
8764.06 44994.2
36461.9 11412.9
34467.7 318.706
26924.5 15503.6
10008.5 39933.8
37148.7 6253.68
32940.3 6432.01
49124.6 16973.2
13670.9 10743.4
15811.1 47244.6
28311 16491.1
32796.9 33339.4
34942.1 37764.1
27115.1 15811.8
19884.9 38250.3
19047.8 41419.9
35477.5 1208.26
1188.76 40220.8
47943 6945.48
33961.6 2047.58
32973.9 32656.7
43465 6627.25
22677.7 43501.9
22166.9 14798.4
27345.2 28110.8
22808.3 36956.6
3555.68 46477.7
41504.3 13507.8
46666.9 9233.56
37122.6 40414.9
5350.08 12206.2
22710.2 24724.6
25405.1 26079.4
21301.8 5678.49
36599.4 47329.5
10154.1 29183.6
41836 41941.9
12256.9 33827.7
6412.18 31682
45705.9 46271.1
12564.3 8605.56
5276.72 22682.6
25862.1 48017.4
39215.8 30338.9
35225.2 43323.4
15558.4 35243.1
46444 14666.1
4920.36 26793
5027.65 34490.2
15376.2 9363.25
3498.01 36338.7
40381 33428.9
44639.7 36901.9
4806.21 45451.7
46309.5 31061.4
45801.1 22256.7
7142.61 38691.3
36439.2 34909.5
31533.6 46643.9
16966 42601.1
36706.8 47031.4
3413.06 21077.9
49538.7 23635.7
4504.12 45686.7
25896.8 31578.3
28773 4599.5
6264.77 31148.4
732.773 31972
46465.4 1376.36
20732.2 31573.3
35121.4 26317.6
40546.4 30099.6
33103.7 45298.4
23884.4 708.748
20842.2 46205.6
40028.3 48690.6
36534.8 36887.4
3811.83 13801.2
22797.3 26477.1
20201.1 37738.5
14452.8 36626.8
40117.7 25878.5
41750.7 38136
39309.3 13487.7
4473.69 23637.1
6692.49 20709.4
8531.04 38656.2
42327.5 18314.1
15043.8 9358.35
23445.1 25589.8
22200.3 35423.9
7334.49 9497.66
25592.1 2567.35
3337.05 21854.3
2570.65 28219
44562.1 19020
23123.4 23783
24024.5 44499
21520.4 7900.91
22720.9 47214.7
48743.9 25223.9
878.412 44279.8
34742 14431.2
4063.02 45216.1
34630.1 13402.7
22853.5 48453.8
17977.3 30663.2
13541 7158.4
22948.3 35000.9
28933.4 39861.7
15318 37212.7
35155.4 34697.9
20420.5 18180.6
13039.4 43776.2
39100.7 12243.2
34035.9 19908.1
36761.3 14716.2
16769.9 6246.04
17865.7 12975.8
46213.6 28350
48261.2 2013.84
11410.7 33565.4
35255.1 42296
8434.73 13403.3
39261.3 18322.1
38103.8 29110.4
16765.2 17695.5
34198.8 36330.9
35795.8 7303.7
3863.64 11203.9
14308.6 5943.08
48198.5 48055.4
35353.9 734.717
46809 47491.4
19848 29888.3
28930.4 13966
12992.8 35764.8
41422.7 15828
42000.3 6395.56
32660.2 35404.7
43680.8 2801.61
13120.8 9749.92
42380.2 6597.12
16265 25812.9
1555.71 4261.51
36386.7 18661.1
43105.5 45271.6
7395.78 7042.68
7034.71 26086.7
39035.4 40190.5
49958.9 9840.68
20092.2 40156
19348.1 40287.6
13694.6 44910.6
27261.3 11765.8
31650.9 13308.7
8481.11 12216.4
46473.9 35833
38696.2 32575.5
8801.97 40959.6
22249.3 14337.7
14799.9 36810.2
43152.5 19029.9
39341.9 21060
48154.9 16516.8
35886.8 26045.6
34371.5 28632.4
28802 30216.4
2099.78 23829.5
45309.9 32592.3
9416.58 14812.6
8555 17819.8
18505.1 16022
45538.5 21374.2
2420.1 21864
21383.2 7525.12
8119.75 275.476
23142.3 40551.6
29409.4 2916.4
20562.1 36251.7
7091.78 34313.1
42994.4 4525.65
576.497 7306.04
21139.7 10262.2
39226.5 42351.2
23968.8 10100.8
25403.8 6906.62
30485.4 48182.3
44326.5 10690.3
3986.37 3530.98
43984.8 4011.34
31540.1 46494.8
14786.9 14656.4
43320 21832.4
38414.3 8548.93
6020.53 3907.74
47021.8 12670.4
23500 9300
47814.9 25511.5
22672.8 6327.68
16483.1 11487
45167.3 39889.4
26424.9 8533.28
17412.3 7588.39
14600.7 13885.3
13924.3 39089.9
25119.8 39197.7
4113.03 16796.7
28453.8 17131.4
41580.9 27760.3
21456.9 38972.9
19253.4 19206.5
6188.07 31019.8
24457.6 9178.01
24785.9 20342.7
3197.25 44200.9
43121 49691
31340.4 47153.2
20267.3 11655
37986.3 47499.5
48302.3 38904.9
38784.4 46555.9
30696.2 47145.5
39656.8 16196.7
10834.4 5177.01
6680.33 44389.3
8448.22 10251.3
4212.61 3137.18
23376.7 30651.3
42418 38457.3
28996.3 38516.4
6762.97 44623.6
445.889 40929.5
20815.6 7329.49
12749.2 41836.4
20592.4 37768.2
4926.38 10347
13629.4 44208.5
28078 31966
45141.4 19457.5
45653.7 26696.7
22479.7 44548
25631 40528.1
2744.08 24502.4
14579.2 44884.4
40271.8 44655.9
49386 32875.5
9191.46 31830.5
19139.8 33744.4
42156.6 33486.3
42952.5 10236.9
11307.7 27196.2
24275.4 334.692
30327.3 2141.94
4323.46 41981.3
35078.4 37577
18396 11629.1
7980.56 19681.5
4127.98 28511
36081.2 31713.6
4864.04 12197.3
7120.84 43617.1
15232.7 2499.45
33093.5 34321.1
631.819 32040
5407.68 4185.5
44960.2 46936.9
47231.6 4291.34
43160.7 19863.6
19576.8 46715.6
46089.1 24373.7
3613.06 44921.7
36934.1 34608.5
18681.9 35600.7
439.161 4223.41
7887.65 16381.7
9144.24 38354.5
7528.16 42663.8
44962.8 7884.83
4600.93 24502.9
41016.5 20319.5
25370.1 14721.9
28808.1 20260.9
26927.7 9126.61
1761.52 42043.8
25161.9 22996
11918.2 39349.4
12046.8 48080.1
10728 32661.3
7134.67 33218.2
37893.6 38511
10037.1 40422.2
21120.2 34117
1147.46 20800.9
10953.2 17087.2
37089.2 20632.8
5791.04 21735.5
29588.7 3104.39
25025.9 22006
25239.2 27642.3
5137.52 17403.2
37493.2 29695.2
19912 9856.71
48656.6 39059.6
37740.8 30747.6
37051.7 45758.1
4743.31 26852.3
3475.07 45430.5
32615.6 13268.2
27616.8 6379.79
695.874 21019.4
29833.6 37204.4
43769.8 39177.8
36708.6 11318.9
15028.2 10099
24753.2 38980.7
5927.96 2337.8
5614.02 28828.9
18633.2 3712.16
15645.9 14045.5
48805.5 41861.1
36374.7 10764.7
7340.92 36342.4
17234.9 789.213
26135.7 25563.1
25999.8 44851.7
49735.3 47680.3
16470.4 37128.6
8855.81 9193.24
36487.9 40835.2
23315.1 9402.68
20609.3 34169.9
41642.1 48551.2
32684.2 46947.1
10506.6 47007.8
545.72 5790.95
45304.6 20079.7
7015.38 42904.4
885.721 5070.13
48490.2 29821.2
26929.7 29727.9
47512.8 9261.36
3512.8 28923.6
34423.8 9488.25
7179.31 46812
41246.6 33414.2
34920.4 46046.7
17156 37711.2
262.257 5007.86
25772.7 12729.1
48961.1 35047.7
49637.9 29957.9
22317.5 40280.4
42493.4 46105.9
6200.13 39634
39072.4 35471.1
36977.3 17014.8
39919.3 13266.7
13425.8 37183.3
33386.1 30457.6
28929.2 1776.3
9888.03 39699.4
10285.3 13026.9
8549.3 26603.9
16774 842.532
14855.2 7942.32
9669.71 34206.7
5271.87 16900.8
43833 6675.7
37622.4 45403
11134.1 5037.31
562.135 17985.4
17074.9 3995.46
9388.45 28862.2
48573.3 14035.5
6213.31 22934.3
39597.3 48768.2
23836.4 5926.95
34344.4 32413
7835.9 33159.3
19640.6 43199.6
10197.6 13311.2
42590.2 33269.4
1367.35 28636.5
1590.3 26514
25324.9 23796.7
18741 7324.98
12871.9 8636.06
29807.1 453.181
49946 19550.5
25789.1 35639.8
34372.6 36036.2
41269.4 16486.7
14396.5 17918.7
42484.8 38463.4
20871.9 43769.3
3203.82 12568.7
34353.5 11150.5
43539.8 22903.5
6520.24 10978.7
26669.7 6571.8
22768.7 16968.2
2266.77 36348.2
20721.9 2321.54
36448.7 39451.9
20123.4 29921.4
22111.4 16816.2
23018.6 42913
31815.3 46153.5
19461.2 5470.26
35570.3 28422.9
471.579 44257.3
44314 40430.7
23882.9 40380.1
29545.5 39369.3
45421 13565.7
35418.8 35315.9
3696.44 5740.74
3090.98 25819.6
45185.8 36124.5
1660.58 20172.7
47181.1 28508.6
11440.3 13878.1
47653.9 34429.3
3293.36 43260.8
45590.8 11210.6
42230.8 5546.92
1532.39 38526.2
23189.1 44755
43034.3 7527.99
26117 4295.92
12184.3 13709.5
20579.5 3446.28
48580.6 41652.9
26010.3 36438.6
38262.5 26709.4
15001.6 2671
7275.09 18677.9
7317.66 32144.9
25326.6 32847.3
30240.2 5606.9
28127.4 31724.2
40057.5 18755.5
25684.1 7747.9
24607.2 39772.1
4922.78 28415
23445.3 22970.6
16944.2 6854.59
15166 14988.5
18128.3 21346.2
13414.4 7473.4
16782.9 26352.9
41484.7 29616.4
28088.5 19012
36534 42836.1
20973.2 16979.3
36647.9 33532
32266 3878.74
16971.8 43684.9
32822 14006.9
3655.58 46432.2
27812.4 11406.6
43022.5 12980
32979.2 47266.7
38073.7 35319.5
15536.2 1828.74
37353.6 23090.5
40269.7 45003.2
45181.1 33374.1
15068.1 5387.36
5819.84 29294.6
27417.8 31392.4
18278.5 41407.5
10823.2 28163
24245.9 9599.82
48141.1 5717.91
47210.4 24527.7
26858.2 35918.1
48187.6 39263.3
31291.2 24788.4
2937.35 6048.01
10135.8 48595.7
39074.6 7217.76
45682.5 41115.3
24227.9 11803.8
12338.5 41686.8
18030.9 30409.9
44746.3 152.03
19512.6 10878.3
24131.9 2362.7
11423 45648.4
40814.6 28509.8
23267.9 34601.7
7240.85 37435.6
34309.7 45312.1
40249.8 31494.7
43599.6 49905.7
987.057 1684.91
21033.1 48539.4
25054.6 15802.4
44336.7 33385.9
10519.5 31504.7
35496.5 37866.7
21529.8 49027.9
38438.5 14014.7
8659.21 18749.6
49986.6 11306.5
30761.1 24747.7
45464.3 18291.9
24178.3 1673.67
6664.72 33844.7
4177.3 336.042
15871.6 12562.8
6348.72 49197.2
21279.3 9592.46
16044.9 3064.93
36065.3 35947.9
3875.91 48912.5
49007.8 14492.8
3753.37 36180.4
17126.7 26571.5
46689.1 34414.1
3249.28 30025.7
29311.3 38111.9
35268.2 7089.95
39554.1 18908
23410.5 42351.3
3197.41 36047
7616.14 16030
26055 38019.2
19179.2 31975.5
49918.2 16471.7
31141.4 1366.07
41302.5 32078.1
917.207 42245.5
4106.66 31929.4
36567.7 8711.9
4068.12 43862.6
34765 45183
7861.86 7499.46
49940.3 32601.8
34473.2 16883.4
46900.4 9159
47280.8 10938.9
44227.2 44895
43663.6 309.263
46907.6 12511.1
30369.5 11963.7
48625.7 45786.2
5503.83 13799.6
22307.4 5931.93
30650.8 28396.4
26507.7 24470.6
27089.1 11576.9
35955.6 1572.41
26810.3 1306.07
1512.55 31737.4
5710.89 33799.5
17680.8 41516.6
571.286 28264.2
49284.7 24524.1
36268 36802
45677.8 6870.11
1454.9 17639.4
46552.2 47321.6
22712.6 32120.1
45328.3 33079.8
1420.07 48197.5
15288.8 26591.4
17137.4 741.467
3837.31 14014.9
32224.6 26552.1
21351 28857.3
40917.1 8431.71
11641.5 15255.6
16391.8 16248
48747.8 23782.9
19375.2 42508.5
35566.3 37721.3
24580.4 3645.91
36456.4 15520.9
26384 40968.3
9308.87 13010.2
9550.95 45343.1
3969.43 12093.1
14503.6 43671.4
33208 27180.7
23032.4 17389.3
45471.9 16256.1
5987.7 7257.63
11934.2 18546.5
14602.3 29649.8
24019.5 19806.3
1109.29 4298.51
20777.1 32523.7
32918.2 36376.8
550.328 38686.3
13034.9 6863.79
4543.51 20371.5
7161.18 3521.46
15839.2 39246.5
4119.33 30225.8
25942.5 7028.72
47793.4 7653.29
41824.3 9466.76
24817.4 17644.4
48352.3 2776.75
41857.9 26350
4381.58 27105.7
31048.7 5939.77
49468.9 19050.7
45918.7 35773.1
9705.07 31783.2
37835.3 22383.4
1031.49 38136.2
102.404 15254
23348.8 26193.4
17622.4 10453.9
40521 32144
19047.5 41831.8
37421.8 41170.3
12366.6 48588.4
24025.8 15035.6
15232.2 38643.5
22806.1 5487.73
10808.1 42729.7
22788.3 42004.8
42926.3 28651.4
28632.4 1907.09
26852.7 17442.1
33221.5 12238.2
7450.18 25469
25244.6 23876
12707.1 8902.4
6236.81 5393.04
40628.8 24326.9
30382.7 14431.9
43651.6 47847.5
14408.2 29280.3
39781.2 43906.9
29466.9 23907.8
46868.2 49115.8
26527 49101.2
6117.66 19305.8
24796.2 31108.8
12202.4 28801.1
30439.6 35609.4
40295.9 36661.4
6018.26 1413.25
33269.6 14229.7
21240 17338.2
2132.6 29609.3
14367.9 2393.41
7257.34 12862.2
15375.2 29785.5
25068.3 34136.6
38182.5 42914.4
374.61 43334.5
485.895 49710.5
36920.6 17203.7
36492.2 41883.4
48844.7 39009.6
4661.6 46879.2
24158.3 48805.3
2850.84 42894.7
35369.8 24136.4
4180.5 24069.3
24491.5 39173.9
17016.9 45575.5
41795.6 45174.3
45947.3 44464.5
18295.7 45244.5
23275.6 38660.3
28772.5 10593.9
40499.7 12268.1
47150.2 43007.9
47869.1 21377.3
24908.6 26230.9
49567.2 39020.4
39615.7 16900.3
43123.9 34857.6
6870.16 6820.44
18710.2 30223.8
24842 30993.5
35514.5 4835.14
39754.8 11828.5
12097 4639.78
39596.3 25935.9
31212.1 34886.5
7184.47 39130.3
30469.2 33223
35686.5 40702.2
12969.7 9676.43
29485.3 14593.4
12410.4 36881.9
3700.8 42113.1
8311.97 25537.9
31147.1 36377.6
47516.9 43596.8
27812.8 27939.4
2414.62 6389.41
21899.7 35023.5
38782 8341.33
18161.6 4933.9
11096.7 46517.6
40428.5 47846.7
18302.1 13526.8
12870.9 41824.4
49289.9 9325.94
24638.2 4210.99
25520.3 12481.5
17049.8 8204.4
38736.4 39573.9
4079.12 22562.4
33682.1 2431.26
19218.4 3889.17
27270.4 5485.27
4784.04 18811.5
14792.2 27070
23339.5 38928.4
12959.1 42314.5
15197.5 36791.7
