26049.2 34917.4
4667.23 25507.1
46992.9 31061.6
35507.6 9727.66
7891.69 20172.8
41662.1 21438.7
19720.6 44468.9
18459.1 32481.2
28081.8 19839.9
14784.9 44654.2
23529.6 575.84
16310.2 25341.1
23247.3 24621.3
1124.3 26787.9
2418.86 46034
25052.1 15011.3
49304.7 23503.6
30805.7 18555.2
20489.7 1489.58
1850.18 27953.5
21078.5 29419.5
10722.7 36113.3
41748.4 7915.29
43221.1 24184.1
38083 24039.4
11449.4 41079.7
43905.6 23072
49587 10471.3
5940.97 20463.8
44706.5 17542.7
36765 3180.63
29363.8 18147.3
40881 16736
35881.4 7036.53
16744.2 22.2549
40968.1 6203.25
47158.4 29379.5
9500.4 27872.6
11424 16078.3
12328.1 23823
1344.41 4857.88
34413.4 41488.8
40577.5 23797
26357.4 16359.6
47793.4 31619.3
44696 13079.5
7390.45 40951
6480.73 41601.8
29895.7 13815
45118.1 32971.4
46177.5 14264.3
36617.3 21111.7
6284.64 12067.8
42317.5 6877.27
15143.7 19934.2
43880 26371.1
16154.6 13925
37971.5 23195.2
43563.6 43050
44306.1 36630.8
16829.6 8710.47
13595.8 21194.7
42086.7 24599.1
23154.4 15830.9
27705.1 5698.65
44817.6 46510.8
12796 3842.17
23045.9 1238.08
39481.2 372.102
7475.05 40581.8
17039.9 21963.1
1537.69 3902.63
4657.85 42858.5
48091.7 21669.5
17556.8 11492.1
29944.9 35455
18786.1 33522.1
37013.4 35086.9
24581.2 5802.05
45918.1 26503.3
43540.3 46138.7
32587 35648.8
12340 25015.9
42659.1 17651.6
35539.6 44991
8130.21 3898.61
32523.4 49842.3
8944.04 29594
19240.6 911.7
9455.44 8928.71
17118.3 22305.8
21731.5 15607.3
1720.49 11711.5
17474.1 39176.5
47652.9 48732.7
6977.88 49748.1
39779.5 10525.8
9988.58 22946.8
33180.8 36358.5
12820.1 45967.9
26199.5 36474.3
27188.1 41573.4
41975.5 36724.2
17022.8 38283.1
17290.2 5448.76
6685.82 14124.6
30247.1 3859.42
4424.53 5566.79
3393.66 10251.4
36262.2 28429
16096.3 21823.3
37021.4 45849.6
19953.1 44367.2
10058.1 19562.4
46311.3 38584.8
41372.8 36701.3
499.193 40184.2
27568.6 29388.5
11866.5 35376.5
19229.9 38185.8
16898.1 33585.9
14886 49489.6
30630.4 14484.1
10635.5 30857.4
8369.83 24560.3
13582.4 18081.3
20091.6 11938.2
43365.6 1675.16
3489.07 6155.8
23578.2 5788.51
26652.9 47717.4
20948.4 5162.11
7555.84 49813.7
34099.2 14553.6
40579.9 11634.5
