511.96 13899.7
16003.6 813.097
25422.1 34705
4683.05 37077.6
8458.45 2449.52
19592.8 19683
12244.9 22543.5
14381.7 5887.03
37012 23169.9
49229.7 5908.5
31955.5 46159.1
2246.99 6527.66
36265.4 41893.9
241.457 30460.1
29668.7 37366.6
37264.6 17834.4
23038.8 36857.2
45688.6 13825.4
41733 49469.2
46059 4624.14
17968.9 27848.2
23490.7 15726.9
16831.2 4364.85
25051.8 11569.2
24787 35133.5
16122.4 7762.77
29212.8 30954.6
4360.01 19114.9
22036.9 31517.6
9315.95 1819.67
27072.9 42273.3
17199.5 20902.9
28001.8 5231.21
36049.1 40328.1
25259.2 46954.1
19541 11476.3
29075.7 39137.9
45441.2 28420.8
13285.1 19224.1
38966.1 21675.7
7828.66 13967.6
35145.8 26598.9
21690 46032.5
26110.1 14746.2
23863.7 19064.2
32700.8 40507.7
22664.1 11772
23068.6 47645.5
38465.8 43988.2
5782.45 43443
25668.1 23367.9
25606.7 18886.2
7768.04 36984.6
18648.7 4180.13
27842.9 26372.4
5756.4 13571.5
28928.7 31865.4
221.009 23295.3
27745.7 43807.4
346.751 29755.5
16390.3 17469.6
1636.68 9255.12
44662.3 7065.92
3245.7 32136.9
22712 1116.41
907.909 44820.6
13317.6 36897.6
32731.7 26035.5
6171.72 31629.1
49923 26012.5
28280.5 28865.9
24629.8 28171.7
29786.4 5063
15417.9 3887.61
28454.1 15354.5
41179.6 26047.3
27802.4 28489.1
8133.03 22179.4
42783.1 26097.6
1354.27 33677
26377.9 8191.48
43576.1 6961.4
20329.8 30667.8
501.116 25166
35272.2 13525.6
83.6839 18416.2
43732.4 7481.78
21697.5 34574.9
17424.3 25130.9
48951.4 32594.4
1541.64 7701.8
10220.4 6344.92
6209.67 49997.9
20457.6 11814
22089.7 38763.6
45352.5 2982.35
29681.9 23483
20162.1 8319.58
34438.1 49212.9
2820.53 7157.11
21407.3 21376.9
29748.3 3782.98
13591 9455.67
19673.7 38918.4
492.909 26224.2
13947.3 34443.8
43411.6 28928.1
35652.6 25082.7
27883.8 1627.59
30201.1 40439.1
45918.5 5135.63
24048.9 25114.6
48416.9 28115
26711.9 13272.5
10050.5 14843.2
30860.9 22928.3
12682.9 47363.4
25013.6 11421.9
8433.35 37560.2
1029.92 16301.1
36383.9 42180.9
30743.7 8778.77
35385.8 46432.3
21318.2 30230.1
5310.21 28269.4
44639.8 3950.24
32592 21877.4
21506.1 1319.84
22346.8 19786.6
15666 10885.1
7578.15 12533.4
5715.64 8599.19
26590.5 16660.3
19498.2 4562.18
46142.5 7381.18
38042.7 23598.9
28259.9 30427.3
9546.74 17119.7
33403.2 22005.6
8505.52 16364.7
16490.7 12039.1
20219.4 29734.6
43628.5 20778.7
13524.1 13639.1
27561.9 30244.7
48593.7 4714.2
22403.2 48231.6
17884.1 27641.5
35758.3 13377.8
21142.7 45073.8
2211.26 29573.4
28864.6 36406.7
21471.8 44756.3
29474.3 29875.3
18219.2 7630.05
36119.1 35140.5
35098.5 41618.5
39160.8 6077.03
20069.6 42744.7
5101.44 2135.89
20770.7 31498.5
27634.6 14364.9
1185.76 26510.4
6049.41 22161.9
24938.1 22910.5
30740.6 29878.4
21086.9 27068.1
32953.1 33036.1
12899.7 36178.9
35600.9 8130.04
29743.6 7553.22
14192.2 23411.2
40809.3 14337.8
22813.3 29739.9
2197.43 40960.3
1665.97 30659
22996.6 34109.2
18425.9 2887.74
24217.2 31143.4
24121.9 38989.2
32312.5 21948.7
38975 32988
49831.9 24900.1
40247.1 22475.3
17762.3 24580.1
46264.9 1196.61
18149.1 28542.6
29908.8 19436
34224.3 9610.23
23076.5 23432.7
26175.6 15194.9
30021.7 47223.6
38721.8 1678.91
20575.8 25512.7
16819.7 8165.97
12176 39091.9
41588.6 48151.4
14167.4 40098.9
19287.4 28652.2
46883 27985.7
8393.64 13814.7
41681.1 25969.2
25840.9 47038.3
31791.1 37710.5
49868.5 26249
10879.5 27992.6
34886.4 16671.6
18099.2 32114
27478.6 18283.8
8196.35 41561.2
14956.9 4641.5
43037.2 4179.1
29585.8 44325.2
47074.1 29855.6
46469.3 10266.9
31786.4 12592.5
17482.6 30613.8
15251.2 9916.65
3532.05 19650
45326.4 49876.4
37115 26757
20432.9 32955.6
29308.4 21425.5
19223.8 32298.5
19531.1 41570.9
24797.4 7203.16
27200.2 48101.1
34479.4 46.1841
47518.8 26726.2
26.2379 32345.7
1712.02 4755.78
37504.8 32660.2
24940 43568.3
3530.46 35752.3
5931.37 8404.18
49888.3 36876.5
29670.2 10607.8
776.944 11931.1
16107.3 9053.46
28103.5 19476.6
25125.5 12956.2
1834.37 20103.5
34484.5 25406
9560.64 1704.12
43708.9 10361.4
23483.6 13452.7
35326 1317.25
25576.6 35527.4
22391.8 6864.77
33573.5 28674.8
49990.5 48.7201
8894.55 37685.6
42522.8 2231.63
19454.1 34708.1
7102.28 49538.7
29535.1 48076.5
12308.3 38019.9
48638.6 9248.63
27115.7 37384
15493.3 41790.6
42575.2 26468.5
21634.4 25558.9
22635.7 12300.8
6631.76 8425.43
47785.6 3099.28
15874.7 9364.17
18465.7 24311.1
26207.8 13038
15821.7 29304.2
23306.7 43559
19200.3 23805.9
43771.1 9485.38
24158.9 23251.1
1767.02 46029.4
13039.5 16315.9
47357.3 29072.7
30525.5 6886.65
6375.19 39281.8
10203.6 4503.29
25548.1 30262.8
8345.14 8930.43
12821.2 12263.8
23660 4915.41
5777.29 880.615
40536.2 7435.78
13680.6 30153.5
46661.9 998.924
33041.6 38260.6
25995.2 3328.72
48957.1 32968.8
5395.25 37033.3
31516 31970.9
6538.54 23929.9
16319 23268.9
28947.4 11916.7
6594.21 9963.48
16686.3 35009.7
7399.4 6802.52
32004.8 30513.8
40387.4 6376.22
17841.9 10856.2
31508 23841
34508.9 3401.51
35776.1 47343.3
40347.6 22173.2
44913.8 23903
29793.6 32501.8
33555.8 32711.9
31952.1 34833.1
35900.2 48589.1
36416.9 15290.9
45511.5 29713.2
28345.1 30094.9
12774.3 39091.7
30991 32439.3
2359.93 4738.01
903.633 37823.2
8048.84 8342.71
23171.7 33041.6
30445.7 46764.4
30041.4 29723.8
1037.83 27630
18101.8 40779.6
32563.7 24351.7
24280.3 24393.3
11070.2 377.963
37652.3 42501.7
45055.5 6669.13
4750.82 19615.1
5447 2746.93
48209.3 6871.32
44663.3 11193
41881.8 30617
43852.5 22872.5
82.8726 9953.25
9021.86 20046.7
32637.2 43712.5
37969.7 25863.6
20696.1 1826.06
19637.9 22303.6
30625.9 18966.4
29263.3 29678.1
41162.4 4388.1
27157.2 20402.6
14590.3 197.187
45146.2 41434.6
20617.5 2549.23
49456.7 34292.5
30260 22856.9
10560.3 559.487
7423.5 46960.2
27847.4 35118.9
13476.2 22410.9
41951.9 21158.7
9062.74 31845.1
33018.8 20741.3
23508.6 14180.4
46272.3 4639.94
26044.9 15751.5
25860.1 39878.4
48667.5 1681.09
30248.5 39502.3
27232.8 28393.1
44417.4 4270.95
32438.1 31957.6
28123 18757.2
7490.45 49631.2
3620.56 46612.4
40502.2 25784
37447.2 13873.3
15464.8 8975.31
22449.1 9679.9
49784.2 2502.78
509.521 36029.7
25019.2 23185.5
32044.6 29328.4
11221.9 38231.9
25174.6 31530.5
44213.7 2474.98
20504.4 41374.4
29864.3 3279.2
14480.1 41260
20767 34213.9
38272.5 38781
48033 8388.48
8188.78 33434.1
32522.5 40448.6
15924.1 31937.3
11527.1 47531.5
10161.1 37387.3
33253.7 15702
5393.52 3700.34
25831.4 19288.4
11838.6 10239.6
12342.1 36909.1
34613.2 37281.6
1536.63 23650.8
12052.1 19915.3
46893.2 28911.8
28158 15350.4
20490.5 19185.4
27158.2 11726
14733.9 20368.2
32612 29632.9
7966.41 28761.8
16075.6 18754.5
253.325 39665.9
35009.3 34254
28590 24706.6
11048 1392.03
45656.2 46891.7
25902.4 30562.2
34802.6 48216.9
18740.7 4764.16
18292.8 21249.9
16936.3 5053.49
38975.6 35733.7
21283.8 34295.7
28693.5 16503.1
9708.96 8273.06
36908.6 4346.93
21827.2 10844.8
9287.38 2197.21
49994.4 49633.7
19436.7 29064.6
29886 33734.2
17528 31479.4
6669.37 23081.4
21453.7 8435.47
28695.6 46219.4
21348.8 20503.4
27230.6 13153.1
41782.8 21721.2
29318.7 35303.6
2699.21 33136.3
29232.5 41053
33466.3 28664.1
31249.9 38999.8
37783.3 30005.9
25949.6 30169.2
26629 19979
32902.9 34570.3
35219.7 30395.7
30275.7 19401.8
8300.54 31451.1
25301.1 23395.7
33876.2 7377.64
16658.6 11740.1
