96.137 15856
14627 625.911
25838 32748.7
4404.7 35097
7974.61 508.932
18417.2 18065
13058.4 20716.4
12459.2 5335.76
48759 8955.77
38544.1 24455.4
47234.6 6048.01
30076.2 45475
3365.38 4869.59
34647.4 43069.5
202.916 32171.4
30220 39289.2
38602.9 19320.7
21506.7 35571.6
45758.4 11826.6
43673.5 49953
48028.6 4276.85
17968.9 29848.2
23769.1 17707.4
15033.6 3488.11
23992 13265.3
26176.4 33694.8
15373.2 5908.4
28729 32895.2
2379.47 19393.3
21223.5 29690.5
7697.92 644.098
28132.7 43969.4
16715.6 18962.3
29440.5 6620.53
35365.1 42207.4
27138.6 47638.1
18989.7 13398.8
27343.6 38137.9
46190.4 26566.4
14771.4 20562.4
37906.2 23371.8
9730.78 13349.6
34206.9 28364.8
21968.4 44052
26388.4 16726.7
25302.4 17674.9
32700.8 42507.7
22733.9 13770.8
24686.7 48821
40292.9 43174.7
5033.24 41588.6
27663.2 23507.4
23611.6 18746.7
9690.57 36433.3
17709.7 5946.03
29074.2 24796.4
7751.53 13432
30808.1 31181.4
905.05 25174.7
29232 45145.7
663.354 31151.9
15839.1 15547
3212.7 8023.79
46000.6 5579.63
2829.88 30180.6
20857.7 1865.63
1391.75 42880.1
12142 35279.6
34672.3 25551.7
8073.83 32247.2
48423 25612.5
30107.6 29679.4
25247.9 30073.8
31767 5341.35
15139.5 5868.15
26513.5 15838.4
39352.5 25233.8
29241.1 27099.8
6192.44 22663.3
44515.2 25097.6
3294.86 34160.8
24759.9 7015.91
41606.5 6614.1
22328.6 30737.6
46508.9 33258.1
1052.39 27088.5
33291.7 13804
1753.47 18792.8
44908 5863.75
22928.9 32998.9
17215.3 27120
49700.6 30740.1
2772.96 6125.78
10904.4 4465.53
8209.67 49997.9
19644.2 13641.1
22019.9 36764.8
43620.4 1982.35
30620.8 21717.1
20022.6 10314.7
34566.6 49366.1
4761.13 6673.26
23402.4 21237.4
28172.3 2551.66
12472.6 7797.6
21500.8 38104.9
1306.38 28051.3
12251.2 33384
44697.2 27396
34713.6 26848.6
29853.5 1280.3
32123.6 39887.8
44091.4 5949.1
26029.4 25392.9
49925.8 27128.4
25426.3 14804.6
10120.3 12844.4
30860.9 24928.3
10828.5 48112.6
23395.6 12597.5
9310.09 35762.6
2647.96 17476.7
34403.4 42459.3
30534.6 10767.8
33653.8 45432.3
21734 28273.8
4496.74 30096.5
46519.1 3266.2
30593.2 21947.2
19525.6 1041.49
23522.4 21404.6
17635.6 11232.4
6518.31 14229.5
5368.34 10568.8
26868.9 18640.9
47559.1 11821.2
18011.9 3223.92
48065.1 6829.91
37424.6 25501
29198.9 28661.4
8670 18917.3
34403.2 23737.7
10486.1 16643.1
15315.1 10421.1
22214.6 29874.1
42189.8 22168
12972.8 11716.5
25639.4 30795.9
47061.6 3428.62
24257.6 48980.8
19879.2 27502
36758.3 11645.8
22081.6 43307.9
1035.69 31191.4
29803.5 34640.8
19482.7 44547.3
31396.8 30426.5
16601.1 6454.48
34680.4 36529.8
35238 43613.6
37985.2 4459
20818.9 40890.4
3615.16 797.629
22769.5 31428.7
26634.6 16096.9
2761.78 27741.7
7928.8 21477.9
26223.7 24442.6
28760.1 29600
22573.2 28406.4
34485.1 31750.5
11072.7 35365.5
35185 10086.3
30021.9 9533.76
15252 25107.3
41686.1 12540.2
21047.4 30678.9
2748.7 39037.8
1318.67 32628.6
24977.1 33830.9
16807.9 1712.17
22778.6 32532.7
25919.5 39866
31965.2 23918.3
37975 31256
49901.6 22901.3
39968.7 24455.8
17211 26502.6
44732.9 2482.19
20003.5 29291.9
29095.3 21263.1
36021.9 8733.49
24194.9 25090.8
27871.7 16254.7
30835.1 49050.7
40623.9 2296.95
22574.6 25442.9
16335.8 6225.38
13834.1 37973.5
39618.9 48498.7
13354 38271.8
21282.6 28791.7
48501 26810.2
10159.5 14753.7
47670.9 9819.72
42494.6 24142.1
24555.3 45506.2
31239.8 35788
48991.8 24451.4
12645.4 28931.5
33826.6 14975.5
18848.5 33968.4
25538 17800
9427.67 39985.2
12976.4 4363.16
42288 2324.73
30462.5 46122.8
48074.1 28123.6
44488.8 9988.54
30847.5 14358.4
18100.6 32515.9
16190.2 11682.5
2718.58 21477.1
38241.1 16493
43326.4 49876.4
36176.1 24991.1
22432.9 32955.6
29655.7 19455.9
20919.8 33358.3
21063.2 40285.3
24867.2 9201.94
27266.5 50000
36479.4 46.1841
48268 24871.8
1179.36 33067
1228.18 2815.19
36628.1 30862.6
26794.4 42819.1
5525.59 35612.8
5380.09 10326.7
48384.8 37423.7
30845.8 8989.76
429.648 13900.7
16984 10851
46812.7 31108
26371.4 20476.6
24916.5 14945.3
1834.37 22103.5
33253.2 26982
8121.96 314.806
42477.6 8785.43
24659.2 15070.7
33446.7 633.213
27546.2 35180.1
23330.8 8630.67
47581.6 9788.94
35568.6 28535.2
48379.2 1055.57
8343.28 35763.1
44349.9 3045.1
17455.3 34638.3
8579.78 49374.4
30086.4 49999
11189.9 36361.8
49924.2 7716.54
25175.1 36900.1
14554.4 40024.7
40695.8 27152.6
21016.4 27461
21460.1 13918.8
8207.78 7194.11
49403.6 1923.71
14814.8 7668.08
17981.9 22370.5
26207.8 15038
17816.8 29443.7
24838.7 44844.5
21156.6 23390.1
44322.4 7562.86
26061 22633
31.2844 46802.2
15020.1 16594.2
47287.5 27073.9
31756.8 5310.63
6375.19 37281.8
9143.8 2807.19
26361.5 32089.8
10199.5 9679.65
13760.1 14029.7
24143.8 6856
7263.58 2218.88
42363.3 6622.31
49143.1 12001.4
11778.5 29535.5
45175.6 2337.19
31275.8 37321.7
24876.8 1670.65
49575.1 31066.7
3699.16 38093.1
29527 31761.9
6399.03 25925
17708.4 21830.2
28600.1 13886.4
8032.89 8574.17
18382.4 33949.9
5741.32 5684.14
30472.7 31799.4
41136.6 4521.85
18780.8 12622.1
33506.8 23771.2
33449.1 1705.41
34437.8 45857
39347.6 23905.3
42924.8 23693.9
31232.3 31112.5
33695.3 30716.8
33484.2 33547.5
34168.2 47589.1
34619.3 14414.1
46797.1 28181.1
26422.5 30646.1
12223 37169.2
29193.4 33316
4359.93 4738.01
120.763 38983.8
9167.23 6684.63
21513.7 34159.9
30861.5 48720.7
28085.1 30139.6
224.352 29457.1
16199.6 41397.7
34558.8 24491.2
25618.6 25879.6
9071.42 308.164
38883.6 44077.8
46853.1 5792.39
3519.5 21191.1
7326.39 3430.97
49269.1 5175.23
45723.1 9496.93
40443.1 29227.7
41930 23423.8
1937.24 9204.04
10991.5 19699.4
31151 42374.2
39735.6 24924.6
19120.1 594.741
21170 23589.1
28636.9 18757.4
28263.3 31410.2
43132 4735.39
25176.7 20681
13359 1773.21
43528.1 40259
18647.8 2201.93
49328.1 34445.7
32087.1 22043.4
8561.49 629.286
9155.56 47960.2
28125.7 33138.4
15355.6 21726.8
42951.9 22890.8
11043.3 32123.5
34816.4 21618
23648.1 16175.5
48228.6 4224.12
27776.9 16751.5
24328 38592.8
47049.4 505.519
31125.3 37704.7
28764.9 27107.5
43079.1 2784.66
31561.3 30160.1
27775.8 20726.8
9490.45 49631.2
5561.15 46128.5
42381.6 25100
36570.5 15670.9
14179.2 7443.22
23680.4 11255.9
49923.7 507.655
2205.62 34969.9
26457.9 24574.8
33810.5 28389.4
9241.4 37953.6
23642.5 32816
42447.8 1536.03
22036.5 40088.8
31804.9 3763.05
15966.4 39921.7
18771.9 34074.4
36786.2 37442.7
46374.9 7270.1
10169.3 33155.7
31346.9 38830.6
17904.6 31658.9
12587 49227.6
8543.07 36211.8
35051.3 14825.3
5323.72 1701.56
26040.5 17299.3
12185.8 8269.99
14282.7 36425.3
34752.7 35286.4
1952.46 25607.1
12801.4 18061
48833.8 28428
29096.9 17116.3
21776.1 20717.5
28443.8 13258.1
16729.1 20228.7
30879.9 30632.9
6308.34 29880.2
17930 18005.3
1221.19 39133.7
34458 32331.5
30530.6 25190.5
10312.5 100.119
46274.2 44989.6
27804.6 31180.2
33571.3 46640.9
17680.8 3068.06
18292.8 19249.9
16122.8 3226.4
38628.3 33764.1
19303.2 34017.3
29869.1 18121.2
11649.6 8756.91
38889.2 4068.59
22766.1 12610.7
8169 539.13
49219.4 48585.2
17950.4 30402.9
28710.5 32116.2
19186.1 30361
6739.17 25080.2
38290.4 14395
22137.7 6556.09
30084.9 44780.8
23347.6 20433.6
28619.9 14591.7
42659.5 23518.8
29527.8 37292.7
4601.32 32518.3
29850.5 42955.1
31934.2 29949.7
31180.1 37001
37165.2 28103.7
26826.3 31966.8
28456.1 20792.4
34668.8 33631.3
36877.7 29277.3
28373.6 18783.8
6682.51 32626.6
24241.3 21699.6
35572.3 6317.8
18354.7 12800
