408.005 14388.8
15609.6 505.267
25526.1 34215.9
4613.46 36582.4
8337.49 1964.38
19298.9 19278.5
12448.3 22086.7
13901 5749.21
48550.3 10441.2
37395 23491.3
48730.9 5943.38
31485.7 45988
2526.59 6113.14
35860.9 42187.8
171.871 30955.2
29806.6 37847.3
37599.2 18206
22655.7 36535.8
45706.1 13325.7
42218.1 49590.1
46551.4 4537.32
17968.9 28348.2
23560.3 16222
16381.8 4145.66
24786.8 11993.3
25134.4 34773.8
15935.1 7299.18
29091.9 31439.8
3864.87 19184.5
21833.6 31060.8
8911.44 1525.78
27337.9 42697.3
17078.5 20417.8
28361.4 5578.54
35878.1 40797.9
25729.1 47125.1
19403.1 11956.9
28642.6 38887.9
45628.5 27957.2
13656.7 19558.7
38701.1 22099.7
8304.19 13813.1
34911.1 27040.4
21759.6 45537.4
26179.7 15241.3
24223.4 18716.9
32700.8 41007.7
22681.5 12271.7
23473.2 47939.3
38922.6 43784.8
5595.15 42979.4
26166.8 23402.7
25107.9 18851.3
8248.67 36846.8
18413.9 4621.61
28150.7 25978.4
6255.18 13536.6
29398.6 31694.4
392.02 23765.1
28117.3 44142
242.795 30244.6
16252.5 16988.9
2030.69 8947.29
44996.9 6694.34
3141.75 31647.8
22248.4 1303.72
1028.87 44335.5
13023.7 36493.1
33216.9 25914.6
6647.24 31783.6
49923 25612.5
28737.3 29069.3
24784.3 28647.2
30281.6 5132.59
15348.3 4382.75
27969 15475.5
40722.8 25843.9
28162.1 28141.8
7647.89 22300.4
43216.1 25847.6
1839.42 33797.9
25973.4 7897.59
43083.7 6874.57
20829.5 30685.2
46717.7 31772.7
638.934 25646.6
34777.1 13595.2
261.683 18636
44026.3 7077.27
22005.4 34180.9
17372.1 25628.2
49138.7 32130.8
1849.47 7307.79
10391.4 5875.07
6709.67 49997.9
20254.3 12270.8
22072.2 38263.9
44919.5 2732.35
29916.6 23041.5
20127.2 8818.37
34759.5 49595.9
3305.68 7036.15
21906.1 21342
29354.3 3475.15
13311.4 9041.15
20130.4 38715
696.277 26681
13523.3 34178.9
43733 28545
35417.9 25524.1
28376.3 1540.77
30681.7 40301.3
45461.7 5339
24544 25184.2
48849.9 27865
26390.5 13655.6
10068 14343.5
30860.9 23428.3
12219.3 47550.7
24609.1 11715.8
8652.54 37110.8
1434.43 16595
35888.8 42250.5
30691.4 9276.03
34952.8 46182.3
21422.2 29741
5106.84 28726.2
45109.6 3779.23
32092.3 21894.9
21011 1250.25
22640.7 20191.1
16158.4 10971.9
7313.19 12957.4
5628.81 9091.59
26660.1 17155.5
48638.2 10779.2
19126.6 4227.61
46623.2 7243.36
37888.2 24074.4
28494.7 29985.8
9327.56 17569.1
33653.2 22438.6
9000.65 16434.3
16196.8 11634.6
20718.2 29769.5
43268.8 21126
13386.2 13158.4
27081.3 30382.5
48210.7 4392.8
22866.8 48418.9
18382.9 27606.6
36008.3 12944.8
21377.4 44632.3
1917.37 29977.9
29099.3 35965.2
20974.5 44704.1
29954.9 30013.1
17814.7 7336.15
35759.4 35487.8
35133.4 42117.3
38866.9 5672.52
20256.9 42281.1
4729.87 1801.32
21270.4 31481.1
27384.6 14797.9
1579.76 26818.2
6519.26 21990.9
25259.5 23293.5
30245.5 29808.8
21458.4 27402.7
33336.1 32714.7
12443 35975.6
35496.9 8619.11
29813.2 8048.36
14457.2 23835.3
41028.5 13888.4
22371.9 29974.7
2335.25 40479.7
1579.14 31151.4
23491.7 34039.6
18021.4 2593.85
23857.6 31490.7
24571.3 39208.4
32225.6 22441.1
38725 32555
49849.3 24400.4
40177.5 22970.4
17624.5 25060.7
45881.9 1518
18612.7 28729.9
29705.4 19892.8
34673.7 9391.05
23356.1 23847.2
26599.6 15459.8
30225 47680.4
39197.3 1833.42
21075.5 25495.2
16698.7 7680.82
12590.5 38812.3
41096.2 48238.2
13964.1 39642.1
19786.2 28687
47287.5 27691.9
8835.12 14049.5
47931.4 11296.9
41884.5 25512.4
25519.5 46655.3
31653.3 37229.9
49649.4 25799.6
11321 28227.3
34621.4 16247.6
18286.6 32577.6
26993.4 18162.9
8504.18 41167.2
14461.8 4571.91
42849.9 3715.51
29805 44774.6
47324.1 29422.6
45974.2 10197.3
31551.7 13034
17637.1 31089.3
15486 10358.1
3328.68 20106.8
44826.4 49876.4
36880.3 26315.5
20932.9 32955.6
29395.2 20933.1
19647.8 32563.5
19914.2 41249.5
24814.8 7702.86
27217.6 48600.8
34979.4 46.1841
47706.1 26262.6
61.1162 32844.5
1591.06 4270.63
37285.6 32210.8
25403.6 43381
4029.24 35717.4
5793.55 8884.81
49794.3 36910.7
29964.1 10203.3
690.12 12423.5
16326.5 9502.85
47325.7 32517.5
27670.5 19726.6
25073.3 13453.5
1834.37 20603.5
34176.7 25800
9200.97 1356.79
43401.1 9967.44
23777.5 13857.2
34856.2 1146.24
26069 35440.6
22626.6 7306.25
47476.9 11285.3
34072.3 28639.9
49651.3 260.688
8756.73 37205
42979.6 2435
18954.4 34690.6
7321.47 49988.1
29672.9 48557.1
12028.7 37605.4
48960 8865.61
26630.6 37263
15258.6 41349.2
42105.3 26639.5
21479.9 26034.4
22341.8 12705.3
7025.77 8117.6
48190.1 2805.38
15609.7 8940.15
18344.8 23826
26207.8 13538
16320.5 29339.1
23689.7 43880.3
19689.4 23702
43908.9 9004.75
24634.4 23096.6
1310.25 46232.8
13534.7 16385.4
47339.8 28573
30833.3 6492.65
6375.19 38781.8
9938.68 4079.26
25751.4 30719.5
8808.73 9117.74
13055.9 12705.3
23781 5400.56
6148.87 1215.18
40992.9 7232.41
13205.1 29999
46290.3 1333.49
32600.2 38025.9
25715.6 2914.2
49111.6 32493.2
4971.23 37298.2
31018.8 31918.7
6503.66 24428.6
16666.4 22909.2
28860.6 12409.2
6953.88 9616.15
17110.3 34744.8
6984.88 6522.93
31621.8 30835.2
40574.7 5912.62
18076.6 11297.6
32007.7 23823.6
34244 2977.49
35441.5 46971.7
40097.6 22606.3
44416.5 23850.7
30153.3 32154.5
33590.7 32213.2
32335.1 34511.7
35467.2 48339.1
35967.5 15071.7
45832.9 29330.2
27864.4 30232.7
12636.5 38611.1
30541.6 32658.5
2859.93 4738.01
624.036 38237.7
8328.44 7928.19
22757.2 33321.1
30549.6 47253.5
29552.3 29827.8
834.457 28086.8
17626.2 40934.2
33062.5 24386.6
24614.9 24764.9
10570.5 360.513
37960.1 42895.7
45504.9 6449.95
4442.99 20009.1
5916.85 2917.94
48474.2 6447.3
44928.2 10769
41522.1 30269.7
43371.9 23010.3
546.465 9765.95
9514.27 19959.9
32265.7 43377.9
38411.2 25628.8
20302.1 1518.23
20020.9 22625
30128.7 18914.2
29013.3 30111.1
41654.8 4474.92
26662.1 20472.2
14282.5 591.192
44741.7 41140.7
20125.1 2462.41
49778.1 33909.5
30716.8 22653.5
10060.6 576.937
7856.52 47210.2
27917 34623.8
13946 22239.9
42201.9 21591.7
9557.88 31914.7
33468.2 20960.5
23543.5 14679.2
46761.4 4535.99
26477.9 16001.5
25477.1 39557
48263 1387.2
30467.7 39052.9
27615.8 28071.7
44082.8 3899.38
32218.9 31508.2
28036.2 19249.6
7990.45 49631.2
4105.71 46491.4
40972 25613
37228 14322.7
15143.4 8592.29
22756.9 10073.9
49819.1 2004
933.545 35764.7
25378.9 23532.8
32486.1 29093.6
10726.8 38162.3
24791.6 31851.9
43772.2 2240.24
20887.4 41053
30349.5 3400.16
14851.7 40925.4
20268.2 34179
37900.9 38446.4
47618.5 8108.88
8683.91 33364.5
32228.6 40044.1
16419.2 31867.7
11792.1 47955.5
9756.6 37093.5
33703.1 15482.8
5376.07 3200.65
25883.7 18791.1
11925.4 9747.2
12827.3 36788.2
34648.1 36782.8
1640.59 24139.9
12239.4 19451.7
47378.3 28790.8
28392.7 15791.8
20811.9 19568.4
27479.6 12109.1
15232.7 20333.3
32178.9 29882.9
7551.9 29041.4
16539.2 18567.2
60.5331 39916.6
34871.5 33773.3
29075.2 24827.6
10961.2 899.621
45810.7 46416.2
26378 30716.7
34494.8 47822.9
18475.7 4340.13
18292.8 20749.9
16732.9 4596.72
38888.7 35241.3
20788.6 34226.1
28987.4 16907.7
10194.1 8394.03
37403.8 4277.35
22061.9 11286.2
9007.79 1782.69
49966.5 49234.6
19065.1 29399.2
29592.1 33329.7
17942.5 31199.8
6686.82 23581.1
21624.7 7965.63
29043 45859.8
21848.5 20486
27577.9 13512.7
42002 22170.6
29371 35800.9
3174.74 32981.8
29387 41528.5
33083.2 28985.5
31232.5 38500.1
37628.8 29530.3
26168.8 30618.6
27085.8 20182.3
33344.4 34335.5
35634.2 30116.1
29800.2 19247.3
7896.03 31745
25036.2 22971.6
34300.3 7112.68
17082.6 12005.1
