1593.1 8813.34
20101.2 4014.54
24341 39791.3
5406.75 42227
9716.45 7495.06
22649.3 23889.9
10129.9 27293.9
19380.2 7320.34
33028.5 19827.4
46705.8 7087.43
36841.9 47937.6
569.416 9014.77
40472.3 38837.4
965.157 25310.7
28235.4 32368.1
33785.1 13970.1
27022.2 40199.7
45507.2 19022.2
36687.4 48211.2
40938 5527.11
17968.9 22648.2
22767 10577.5
21504.9 6644.38
27807.4 7159.38
21174.8 38874
18070.4 12584.1
30470.8 25909.1
9509.4 18391.2
24152 36268
13522.8 4876.15
24317.3 37863.5
18457.5 25948.4
24261.2 1618.99
37827.6 35441.7
20372.8 45175.6
20974.3 6477.75
33579 41737.9
9420.74 15744.6
2883.17 15574.5
37587.1 22007.6
20044 49840.5
25386.4 9596.76
20123.2 22676.4
32700.8 35307.7
22482.6 6575.19
18861.8 44589
33715.4 46103.2
7730.4 48264.4
20480.7 23005.1
30794 19248.9
2769.48 38417.9
21208.4 218.066
24641.4 30470
569.068 13934.3
24042.3 33643.9
4244.41 21192.4
23881.4 40327.9
1427.89 24669.1
17823.6 22468.1
2424.69 8639.46
41182.8 10930.3
4326.84 37223.2
26225 2069.86
327.296 47149.4
16374.1 41104.5
27686.2 27293.5
1226.22 30022.2
49923 31212.5
23530.1 26750.9
23022.9 23226.2
24637.1 4339.3
17149 192.576
33499.6 14096.5
24061.9 32101.3
13178.6 20921.4
38279.8 28697.6
1012.19 29675.4
30584.8 11248
48697.1 7864.37
15133 30486.3
3177.13 22526.1
40421.6 12801.9
627.232 13244.7
40675.9 11688.7
18496.1 38672.6
17967.9 19959.4
1541.64 7701.8
8441.87 11231.3
1009.67 49997.9
22572.7 7063.58
22271.2 43960.4
49855.8 5582.35
27240.6 28074.3
20524.9 3132.25
31095.6 45229.5
2044.3 7350.64
16220 21739.6
33845.9 6984.42
16498.8 13766.7
14923.2 41033.4
3567.65 23541.7
18357.2 37199.4
40069.1 32911.5
38093.8 20491.3
22762.8 2530.56
25202.5 41872.4
49522 3640.71
18899.5 24390.9
30054.4 9289.12
9869.05 20040
30860.9 17728.3
17504.2 45415.4
29220.5 8365.41
6153.82 42233.9
2351.46 12440.6
41533.3 41457.2
31287.2 3607.25
39889.1 49032.3
20237.1 35316.5
7425.24 23519
39753.4 5728.75
37788.8 21695.9
26655.5 2043.54
19290.3 15579.7
10545 9982.09
10333.7 8123.53
6618.61 3478.19
25866.8 11510.9
23362.6 8041.66
41144 8814.5
25818.7 35018.6
11826.3 12445.9
30803.2 17502.3
3356.13 15641
19547.2 16246
15032.1 29371.9
14957.4 18637.6
32560.5 28811.3
47851.4 8399.16
17581.9 46283.6
12696.8 28004.2
33158.3 17881.1
18701.4 49665.1
5267.74 25366.5
26423.3 40998
26643.3 45299.9
24475.8 28442
22426.1 10686.5
39859.7 31528.2
34735.8 36431.1
42217.2 10283.9
18121.7 47566.1
8965.8 5615.37
15573.9 31680
30234.6 9861.55
2220.12 22750.1
1163.01 23940.4
21595.6 18927
35890 30602.1
17222.5 23588.6
28969.6 36378.6
17650.2 38294
36682 3043.67
29019.9 2403.83
11436.6 19001.4
27404.7 27298.7
764.113 45958.9
2568.94 25538
17847.2 34832.9
22632.8 5944.22
27957.8 27531.1
19448.2 36709.7
33215.4 16827.7
41575 37491.4
49650.4 30096.9
19195.6 19581.5
49765 2567.54
13327.8 26594.7
32023.8 14685.6
29550.6 11889.8
20168.7 19121.7
21765.8 12439.3
27906.6 42473.1
33776.3 72.0254
15379 25694.1
18077.7 13211.5
7864.98 41999.7
46709.6 47248.4
16282.5 44849.3
14100.1 28289.4
3802.31 11373.5
39566.1 30719.7
27512.1 49030
33224.4 42709.1
6288.21 25551.3
37642 21081.5
16151.3 27292.6
32524.1 19541.8
4994.91 45658.9
20106.3 5365.2
44985.2 9000.46
27306.3 39651.5
34227.7 8001.17
15875.7 25668.3
12810 5325.32
5647.08 14899.6
49626.4 49976.4
39556.3 31348.4
15232.9 32955.6
28405.4 26546.5
14813.9 29542.9
15547.7 44913.4
24615.9 2006.33
27018.7 42904.3
29279.4 46.1841
4793.62 31711.6
2970.02 9801.32
39784.3 37334
20118.6 45516.3
1001.67 35427.9
7364.68 3405.61
45001.9 38655
26613.8 14814.7
1679.91 6810.13
13827.8 4379.73
49275.2 37873.7
32606.8 16876.6
25669.1 7784.73
1834.37 14903.5
37685.9 21308.4
13301.2 5316.35
46910.3 14459.1
20427.1 9245.82
40212.4 3095.76
20455.6 36430.4
19950.6 2273.45
28386.2 29037.5
45665.5 2751.31
10327.9 42684.2
37772.3 116.598
24650.9 34889.6
4822.75 44865
28101.8 43077.9
15216.1 42330.9
45296.1 13232.1
32161.3 38642
17934.6 46382
47461.6 24690
23241.3 20613.4
25692.2 8093.9
2534.1 11626.9
43578.7 6155.76
18630.2 13774
19723.7 29356.6
26207.8 7837.96
10634.4 28941.5
19323.2 40216.5
14113.9 24887.1
19213.4 24858
6517.46 43914.4
7890.13 15592.2
27324 10984.3
6375.19 44481.8
12959.2 8913.14
23433 25512.3
3523.78 6982.48
10380 7672.49
22547.4 39.7406
7560.84 2486.53
35785.7 9550.81
18626.1 31760.4
49828.7 2722.66
37633 40701.9
28903 7639.72
9805.1 34277.7
36687.6 32514.5
6901.28 18742.5
12706.8 27009.5
29850.4 6795.75
2853.64 13575.7
12276.5 37765.3
11710.4 9710.33
35988.2 27171.3
38439.5 11197.6
15400.6 6264.84
26311.2 24022.5
37264.5 7811.36
37114.3 48829.6
49985.9 24436.1
26053 36114
33193.1 37899.3
27968.6 38175.6
36419.9 48889.1
42169.1 33696.6
33343.6 28661.6
14207.6 44090.3
35664.7 30159.7
59.9268 1938.01
3811.44 33512.2
5141.04 12653.7
27482.7 30133.7
29364.5 41678
35127.8 28642.7
3152.86 22879.6
23047.3 39172.8
27376.4 23989
20800.9 20528.9
16267 559.44
34450.9 38404.1
40381.8 8948.66
7952.26 15517.4
560.601 968.426
45453.7 11281.2
41907.7 15602.9
4458.43 7969.7
3900.86 20949.7
36501.6 47191.9
33378.4 28304.8
24793.8 5027.5
15654.4 18961.1
35797.4 19510
31863.3 25174.8
36041.4 3485.13
32306.6 19678.9
18574.7 3056.33
49353 44491.1
25738.5 3452.2
25509.6 24971.9
15757.1 378.01
2920.17 44360.2
27123.7 40268.3
8589.79 24189.4
3913.35 31121.4
28345.1 18461.8
23145.9 8993.04
41185.9 5721.08
21541.6 13151.5
29843.5 43220.9
47904.6 5453.11
27969 44176
23249.4 31735.6
47896.9 8135.3
34717.6 36631.4
29026 13636.2
2290.45 49631.2
1170.63 47120.1
35615.8 27562.5
39726.7 9199.56
18807.3 12958.7
19247.6 5582.24
49421.4 7690.12
3732.1 34016
21278.7 19573.3
27453.3 31769.6
16371.3 38955.6
29158 28188
48805 4916.23
16521 44716.9
24818.8 2021.21
10615.8 44739.5
25954.3 34576.6
42136.9 42260.5
3039.38 34157.8
35579 44655.5
10774.7 32661
8771.54 43121.6
14368 40443.8
28580 17981.5
5575 8897.18
25287.9 24459.9
10935.6 15360.6
7296.57 38167.1
34250.5 42468.9
455.494 18564.4
10104.2 24736.7
25716.7 10759
17148 15202
23815.7 7742.6
9546.61 20730.9
37115.3 27032.9
12277.4 25854
11254.3 20702.5
4564.32 36758.1
36442.6 39252.5
23544.5 23448.6
11951 6513.03
42860.3 49348
20957 28955.3
34433.2 47744.1
21496.2 9174.01
18292.8 26449.9
19051.3 9803.93
39878.5 40854.7
26433.2 35019.4
25637.1 12296.3
4663.42 7015.07
31759.2 5070.63
19385.9 6253.44
12195.2 6508.2
44807 49996.4
23301.1 25585.1
32942.5 37941.1
13217 34387.2
6487.89 17884.6
19675.2 13321.9
25083.4 49960
16152 20684.9
23618.4 9412.49
28775.2 30132.1
2002.57 33257.5
27625.6 36107.5
37449.7 25321.6
31431.4 44196.7
39390.2 34951.4
23670.1 25495.5
21878.6 17863.9
28311.6 37011.5
30908.7 33303.5
35221.2 21008.7
12507.4 28394.6
28056.7 27805.5
29466.4 10133.2
12248.8 8984.55
