29749.2 41326
3893.72 18147.6
40584.3 27361.6
28394.2 7687.94
34481.9 23228.9
25389.4 49225.6
12790.4 37237.8
33750.5 24596.5
8649.97 48792.2
27127 4513.96
20448.2 19206.2
17924.2 19480.8
94.4177 34115.9
4434.86 45373.9
28061.9 8251.08
47766.2 16265.3
37666.9 21327.3
25989 6441.14
2824.86 22430.9
3363.2 36886.8
38274.3 14449.1
47777 30015.4
14923.5 47613.5
39349.7 28903.3
45665.6 16746.8
166.639 16327.7
37946.3 20552.5
32415.3 9167.36
27825.2 25385.6
43167.7 9698.16
38653.5 175.371
24139.7 280.511
47311.6 29251
5800.4 21464
4185.72 14539.7
9318.29 17062.7
3855.7 174.566
41808.9 41747
47337.8 20787.1
29367.3 9599.37
43872 37894.9
41686.2 6319.22
13377.2 36601.4
3236.78 34950.7
31180.7 6527.44
48899.8 34010.1
48949.6 21125.5
43904.9 22396.7
11953.4 16824.4
41801.3 14259.2
22382 21472.8
49330.2 24387.4
9879.02 17846.4
45209.8 24733.7
38423.1 48373.2
44047.9 29235.3
10842.9 13060.1
15635.6 28308
40296.5 17418.9
30441.9 17115.9
32062.3 211.864
40261.7 40679.5
7655.57 9165.28
26520 7771.89
42725.2 7023.18
1643.77 45137.7
22708.6 26719.7
5203.92 2539.27
2227.14 43451.4
41683.1 17969.5
20566.7 4731.89
35085.4 30131.9
11832.4 36053
43000.1 30737.3
30080.5 10753.6
49604.6 44832.8
39700.3 33609.1
10300.3 17902.6
35277.2 18167.8
35023.4 37609
14664 7372.7
25195.4 48812.4
13105.7 5049.73
4314.97 14251.8
18148.2 29633.8
25431.5 9198.71
5194.57 5177.73
11065.5 35476.5
45654 49673.1
1006.85 46082.5
44129.1 16512.5
8958.7 30274.8
34719.4 43596.8
19580.4 42958
33599.5 36474.3
45675.5 30315.7
9627.33 38541.3
18320.1 12776.7
11826.3 8801.49
36898.2 615.471
10255.8 1010.89
3555.89 10019.7
32788.1 34962.8
20445.9 27810
30745.9 49771
17866.6 49835
15198.6 14239.3
40480.1 43140.7
34134.5 35162.8
2355.08 33623.3
34522.3 26857.6
16004.5 29241.7
12368.7 35413.7
23935.9 31299.2
9562.93 44349.1
17994.9 30083.9
2383.1 20210.7
7173.85 14381.3
20607.8 19320.2
49491.5 1270.98
2110.19 7312.82
28134.1 11619.8
30574.3 41441.8
18685 1041.79
5477.05 43783.1
38020.6 20829.2
37105.8 5100.65
