26899.2 36389.7
4489.54 23816.4
45520.7 30211.6
33873.4 9259.08
40012.6 21849.9
21022.9 45561.7
17156.8 33573.9
29384.1 20932.6
13375.5 45604.8
25192.5 222.391
17260.8 23931.7
22024.5 23440.4
887.704 28471.4
744.687 46329.2
25743.6 13458.3
48951.3 21840.8
32381.9 19192.1
21753.1 2627.1
408.499 27052.7
9031.98 36291
40950.3 9416.31
44267.8 25523.7
12247.5 42580.7
42858.9 24411.6
48686.2 11913
4531.6 19513.2
43153.5 18234.1
35765.7 4555.96
29010.3 19810.2
41406.3 15119.2
36518.2 5460.32
18443.2 81.584
48460.7 28286.8
8650.4 26400.4
9761.16 15724.8
11636.7 22269.9
206.891 3594.53
36112.3 41548.1
42130.6 23105.5
27048.9 14806.6
46892.5 33061
44004.6 11526.4
8765.78 39951.8
5735.5 40073.8
30190.9 12140.8
46814 32852.8
46814.3 15840.6
38291.5 21406.9
7586.92 13160.6
42198.9 8573.12
16806.6 20287.7
45477.4 25789.7
14712.9 14825.9
39634.4 23548.6
42382.7 44272.9
44246.8 34931.9
15454.2 9709.7
14064.4 22828.8
41675.4 22949.6
24828.5 16126.1
28704.4 4323.32
43771 45171.2
11615.1 5065.04
23844 2739.09
40226.4 1900.05
6135.44 41628.4
18342.1 23055.8
68.2295 4219.96
3023.71 43327.1
46619.5 20819.5
18248.3 9939.1
31125.8 34232.1
17188.6 34103.5
38388.7 34087.6
25844.6 6939.57
45189.8 45727.4
34221.2 35180.2
11871.4 23381.8
40963.3 17770.2
35421 43295.1
9631.22 4696.71
30840 49605.7
17831.2 1862.33
8274.52 10151.6
17354.9 23989.3
22581.5 14135.1
2518.59 10210.5
16001.8 38326.5
49250.4 48151.3
5732.37 49269.9
40778.8 11901.1
9751.98 24630.3
33534.3 38021.4
14373.2 45276.4
27899.5 36474.3
42825.5 35252
15323.9 38342.4
17526.8 7132.22
7866.74 12901.7
31775 3114.19
5764.14 4520.16
1719.49 10546.6
35464.1 29930
17095.5 23198.6
35579.7 46750.5
19834.5 46063
11239 18339.5
44971.7 39631.4
39710 36347.9
405.569 38979.5
29166.1 28807.1
12817.1 33967.2
17653.7 37549
18514.9 33060.6
13663.2 48308.6
12326.2 30679.7
6994.5 23561.1
12110.2 17231.3
20210.1 13634
44999.8 1206.58
2186.8 7248.54
24624.8 7128.13
27553.8 46275.7
20098.4 3689.86
6466.84 49396.5
35000 15995.3
39781.8 10133.5
