844.619 12334.7
17264.4 1798.16
25089.5 36270
4905.73 38662
8845.53 4002
20533.3 20977.5
11594.1 24005.2
15919.7 6328.05
35786.3 22141.4
49983.8 6657.72
33459.1 46706.3
1352.29 7854.12
37559.8 40953.5
464.134 28875.6
29227.7 35828.6
36194 16645.4
24264.4 37885.7
45632.8 15424.4
40180.5 49082.1
44483.3 4901.98
17968.9 26248.2
23268.1 14142.5
18269.3 5066.24
25899.7 10212.4
23675.6 36284.4
16721.8 9246.26
29599.9 29402.2
5944.43 18892.3
22687.7 32979.2
10610.4 2760.13
26225 40916.4
17586.5 22455.4
26850.8 4119.76
36596.3 38824.5
23755.7 46406.9
19982 9938.29
30461.3 39937.9
12096.1 18153.5
39814 20318.8
6306.97 14462.1
35897 25186.2
21467.3 47616.9
25887.4 13161.7
22712.8 20175.7
32700.8 38907.7
22608.2 10173
21774.2 46705
37004.1 44638.9
6381.82 44926.5
24072 23256.3
27202.8 18997.8
6230.02 37425.6
19399.8 2767.42
26857.8 27633.2
4160.3 13683.1
27425.2 32412.6
861.521 22423.7
26556.7 42736.8
679.409 28190.5
16831.4 19007.6
375.864 10240.2
43591.7 8254.95
3578.36 33701.9
24195.5 517.041
520.834 46373.1
14258.1 38192
31179.2 26422.6
4650.03 31134.7
49923 27612.5
26818.9 28215.1
24135.4 26650
28202 4840.33
15640.5 2303.19
30006.6 14967.4
42641.3 26698.1
26651.5 29600.6
9685.51 21792.3
41397.5 26897.6
141.271 33168.4
27672.3 9131.94
45151.8 7239.24
18730.8 30612
60.096 23627.9
36856.7 13302.9
250.929 16825
42792 8776.21
20712.5 35835.7
17591.6 23539.7
556.583 8962.62
9673.14 7848.42
4609.67 49997.9
21108.4 10352.3
22145.5 40362.6
46738.1 3782.35
28930.7 24895.7
20273.7 6723.48
33409.6 47987.2
1268.06 7544.18
19811.2 21488.5
31009.1 4768.04
14485.7 10782.1
18212 39569.1
278.889 25005.9
15304.2 35291.7
42383.1 30153.7
36403.7 23670
26308.2 1905.43
28663 40880.1
47380.1 4484.85
22464.5 24891.9
27740.3 12046.9
9994.69 16442.2
30860.9 21328.3
14166.4 46764
26308.1 10481.4
7731.96 38998.2
235.437 15353.1
37968.3 41958.3
30910.9 7187.53
36771.5 47232.3
20985.6 31795.1
5960.99 26807.7
43136.3 4497.47
34191 21821.6
23090.5 1542.52
21406.3 18492.1
14090.3 10607.2
8426.02 11176.5
5993.47 7023.5
26367.9 15075.9
20687.3 5632.79
44604.5 7822.2
38537.1 22077.2
27508.8 31840
10248.1 15681.6
32603.2 20620
6921.09 16142
17431.1 13333.6
18623.3 29623
44779.4 19667.2
13965.1 15177.1
29100 29803.6
49819.4 5742.66
20919.7 47632.2
16288 27753.1
34958.3 14763.5
20391.5 46486.5
3151.72 28279
28113.4 37819.4
23063 44923.6
27936.3 29434.2
19513.6 8570.5
37270 34029
34986.9 40022.4
40101.2 7371.46
19470.3 44228.2
6290.48 3206.5
19171.7 31554.4
28434.6 12979.2
3.74111 25586.9
4545.9 22709.2
23909.6 21684.8
32325.1 30101.1
19897.8 25997.5
31727.4 34064.5
14361.4 36829.7
35933.5 6565
29520.9 5968.79
13344.3 22054.4
24226.1 28988.8
1756.41 42498.3
1943.81 29083.3
21412.1 34331.9
19720.4 3828.2
25368.2 30031.9
22683.9 38287.8
32590.3 20373
39775 34373.7
49776 26499.1
40469.7 20890.8
18203.3 23042
47490.6 168.15
16665.6 27943.3
30559.5 17974.4
32786.3 10311.6
22181.8 22106.2
24818.7 14347
29370.9 45761.9
37200.1 1184.49
18976.8 25568.5
17206.8 9718.44
10849.5 39986.6
43164.3 47873.6
14818.2 41560.6
17691.3 28540.6
6980.93 13063.6
41030.3 27430.9
26869.3 48264
32232.1 39248.5
48787.8 26998.6
9466.82 27241.4
35734.3 18028.5
17499.9 30630.5
29031 18670.9
7211.29 42822.1
16541.3 4864.18
43636.6 5662.59
28884.4 42887.1
48053.8 10489.6
32537.6 11179.8
16988.1 29092.1
14500.1 8503.94
4182.83 18188.4
46926.4 49876.4
37866.2 28169.7
18832.9 32955.6
29030.6 23001.2
17866.9 31450.6
18305.5 42599.3
24741.6 5604.14
27144.3 46502.1
32879.4 46.1841
1202.39 31962.7
2099.1 6308.25
38206.2 34098.3
23456.5 44167.7
1934.36 35863.9
6372.39 6866.16
48384.8 37423.7
28729.8 11902.2
1054.78 10355.4
15405.9 7615.39
29489.1 18676.6
25292.8 11365
1834.37 18503.5
35469.6 24145.2
10711.6 2815.58
44694 11622.3
22543.2 12158.3
36829.5 1864.49
24000.9 35805.3
21640.7 5452.06
31977.4 28786.4
48718.4 843.599
9335.57 39223.6
41061.1 1580.85
21053.1 34763.9
6400.89 48100.6
29094.1 46538.5
13203 39346.4
47610.1 10474.3
28668.2 37771
16244.5 43203.4
44078.7 25921.3
22128.8 24037.2
23576.1 11006.4
5370.94 9410.49
46491.2 4039.73
16722.5 10721
18852.8 25863.6
26207.8 11438
14225.6 29192.6
22081 42530.5
17635.2 24138.6
43330.1 11023.4
22637.2 23745.5
3228.69 45378.7
11455.1 16093.2
29540.4 8147.47
6375.19 40881.8
11051.5 5860.16
24897.3 28801.1
6861.64 8331.06
12070 10851.1
23272.9 3362.94
4885.52 77.6585
39074.5 8086.56
15202.3 30648
47769.2 136.455
34454.4 39011.8
26889.9 4655.18
6752.13 36185.4
33107.3 32138.2
6650.15 22333.8
15207.6 24419.8
29225.2 10341.1
5443.26 11074.9
15329.4 35857.6
8725.86 7697.23
33230.5 29485.3
39788 7859.71
17090.7 9443.45
29909 23896.9
35356.8 4758.39
36846.7 48532.3
41147.6 20787.6
46505 24070.2
28642.7 33613.2
33444.2 34308
30726.4 35861.5
37285.9 49389.1
37855 15992.2
44483.1 30938.9
29883.1 29653.8
13215.3 40629.7
32429.1 31737.9
759.927 4738.01
1798.34 36496.7
7154.14 9669.17
24498.2 32146.8
30113 45199.4
31606.5 29391.2
1688.6 26168.4
19623.5 40285.2
30967.6 24240.1
23209.7 23204.3
12669.2 433.802
36667.3 41240.9
43617.4 7370.53
5735.88 18354.3
3943.49 2199.7
47361.4 8228.2
43815.4 12549.9
43032.7 31728.5
1120.57 9318.28
7446.17 20324.6
33826.3 44783.1
36557 26614.7
21956.9 2811.12
18412.2 21275.1
32217.2 19133.7
30063.3 28292.5
39586.7 4110.26
28741.6 20180
15737.9 839.945
46440.6 42375
22193.1 2827.07
48428.2 35518.2
28798.3 23507.7
12159.3 503.648
6037.86 46160.2
27624.7 36703.3
11972.7 22958.1
41151.9 19773.1
7478.31 31622.4
31580.7 20039.9
23397 12584.3
44707.3 4972.6
24659.3 14951.5
27085.8 40906.8
49961.9 2621.55
29547.1 40940.4
26007.2 29421.5
45488 5459.98
33139.4 33395.7
28400.9 17181.5
5890.45 49631.2
2068.09 46999.4
38998.7 26331.2
38148.6 12435.2
16493.2 10201
21464 8419.08
49672.6 4098.89
679.131 35923.7
23868.3 22074.1
30631.9 30079.5
12806.4 38454.6
26400.3 30502
45626.4 3226.13
19278.7 42402.8
28311.8 2892.13
13291.1 42330.6
22363.1 34325.5
39461.5 39851.6
6604.35 33656.7
33463 41743.1
14339.7 32159.9
10679.2 46174.6
11455.5 38327.8
31815.6 16403.4
5449.36 5299.37
25664.2 20879.6
11560.7 11815.3
10789.6 37296.2
34501.6 38877.7
1203.98 22085.8
11452.8 21398.8
27406.8 13937.6
19462 17959.7
26129.7 10500.4
13137.8 20479.8
33997.6 28832.9
9292.88 27867.1
14592.2 19353.9
1579.79 38771.2
35450.3 35792
27037.6 24319.5
11325.9 2967.72
45161.8 48413.4
24380.8 30067.8
35787.7 49477.7
19588.5 6121.03
18292.8 22849.9
17587 6515.16
39253.4 37309.4
22868.2 34518.4
27753.1 15208.7
8156.49 7885.99
35324.2 4569.61
21076 9432.05
10182.1 3523.67
48398.3 49745.3
20625.7 27994
30826.5 35028.6
16201.6 32374.1
6613.53 21482.4
20906.5 9938.98
27584.2 47370.4
19749.8 20559.3
26119.1 12002.1
41081.4 20283.2
29151.5 33712.4
1177.52 33630.8
28738.1 39531.3
34691.9 27635.7
31305.8 40598.9
38277.7 31527.6
25248.2 28731.1
25167.3 19328.2
31490.2 35321.4
33893.2 31290.4
31797.4 19896.2
9594.97 30510.6
26149 24752.5
32519.4 8225.51
15301.7 10892.3
