1988.13 6954.86
21598.4 5184.29
23946 41649.8
5671.18 44108.5
10176.1 9338.62
23766.1 25427
9357.07 29029.7
21206.6 7844.06
31573.1 18606.1
44810.4 7219.97
38627.4 48587.4
1631.88 7439.6
42009.4 37720.6
1229.59 23429.2
27711.7 30541.7
32513.8 12558.1
28477.7 41421
45440.9 20921.1
34843.9 47751.5
39066.9 5857.04
17968.9 20748.2
22502.6 8695.99
23212.6 7477.28
28814.2 5548.09
19855 40240.8
18782.1 14345.8
30930.5 24065.5
11390.9 18126.8
24924.8 38003.7
15060 5992.94
23310.5 36252.2
18917.1 27792
22894.5 299.137
38477.4 33656.2
18587.4 44525.7
21498 4651.35
35224.4 42687.9
8008.77 14473.3
1076.16 16161.7
18162.5 49576.1
25121.9 7715.25
18756.4 23996.3
32700.8 33407.7
22416.3 4676.35
17324.6 43472.2
31979.6 46876
8404.7 49933.3
18585.4 22872.6
32689.4 19381.4
943.084 38941.6
22886 1110.06
23471.7 31967.3
200.043 12957.6
22256.9 34293.8
6029.83 20542.6
22469.4 39056.6
1822.92 22810.7
18347.4 24294.5
3921.91 7469.7
39911.5 12342.2
4721.88 39081.7
26936.8 3831.51
786.948 45305.8
17490.9 42641.6
25842.6 27753.2
270.364 29080.8
49923 33112.5
21794.4 25978.1
22435.8 21419.2
22755.5 4074.88
19030.5 457.005
35343.2 13636.9
22695.1 33421.2
15022.1 20461.8
36634.3 29647.6
1471.84 27831.8
32121.9 12364.8
49890.6 8582.52
13234.1 30420
5003.53 22002.4
42303.1 12537.5
825.836 11355.1
39559.1 13225.8
17326.3 40169.8
18166.5 18069.8
2711.4 6204.58
7792.03 13016.7
9.67253 49197.9
23345.5 5327.85
22337.5 45859.2
49092.4 7104.59
26348.6 29751.9
20657.4 1236.88
29874.3 43774
3887.86 6890.99
14324.6 21872.1
35343.2 8154.18
17561.3 15341.8
13187.5 41806.2
5303.39 22768.9
19968.5 38206.3
38847.8 34367
20891.7 2860.5
23376.1 42396.1
47786.2 4413.51
17018 24126.5
31275.7 7833.63
9802.74 21938.9
30860.9 15828.3
19265.9 44703.7
30757.7 7248.61
5320.92 43941.6
3468.26 10903.5
43414.8 41192.8
31485.8 1717.66
41534.6 49982.3
19842 37174.9
8198.04 21783.2
37967.9 6378.58
28537 2307.97
18173.5 14042.6
8673.89 9652.16
11340.6 6512.24
6948.54 1607.05
25602.4 9629.43
24774.5 9313.01
39317.6 9338.21
24926.7 36696.2
12659.2 10738.2
29853.2 15856.8
1474.62 15376.6
20664 17783.1
13136.7 29239.3
15481.1 20464
34386.9 28287.6
46630.1 9854.65
15820.2 45571.9
10801.4 28136.7
32208.3 19526.6
17236.2 49225.8
6384.54 23829.4
25531.3 42675.6
28532.9 45498.5
22649.4 27918.2
23963.2 11803.3
34603.2 34535.8
43334 11821
17409.9 49327.7
10377.8 6886.72
13675.1 31746.3
31184.6 8216.1
3389.88 21252.8
377.054 24120.1
20374.3 17471.6
37771.6 30866.5
15810.5 22317.3
27514.1 37599.8
19385.9 39066.8
37077 1185.19
28755.4 522.319
10429.8 17390.1
29082.3 26406.7
240.402 47785.3
2898.87 23666.8
15965.7 35097.3
24170 7061.02
29324.6 26211.3
17740.5 35876.8
33545.4 14956.6
42525 39136.8
49584.1 31995.8
19719.3 17755.1
48808.8 3761.53
11566.1 25882.9
32796.6 12949.9
27842.9 12722.7
19106.2 17546.5
20154.5 11432.5
27133.8 40737.4
35012.7 473.748
13480.1 25760.4
18537.3 15055.1
6289.81 43062.2
48580.7 46918.5
17055.3 46585.1
12204.7 28156.9
2124.71 10481.5
38793.3 32455.4
26290.8 47574.6
33748.1 44535.5
4610.61 24659.3
15439.5 25531
34367.7 20001.5
3825.15 47156.1
21987.8 5629.63
45696.9 10762.1
26473.4 37943.8
35119.7 6323.57
15288.5 23861.3
11918 3647.72
6419.88 13163.9
47726.4 49976.4
40448.3 33026
13332.9 32955.6
28075.5 28417.6
13202.6 28536.1
14092.2 46134.7
24549.6 107.487
26952.4 41005.5
27379.4 46.1841
6688.99 31579.1
3429.67 11644.9
40617.2 39041.7
18357 46228
2897.05 35295.3
7888.39 1579.22
43216.5 39304.8
25497 16351.8
2009.85 4939
12994.9 2672.02
34252.3 15926.6
25867.7 5895.14
1834.37 13003.5
14668 6636.2
19310.4 7708.68
41997.9 3745.6
18584.5 36760.3
19058.6 595.846
26490.8 29170
44054.2 3758.15
10851.6 44510.6
38960 645.355
26549.7 34955.9
3989.85 43157.2
27578.1 41251.5
16278.6 43906.1
44074.8 14687.5
34004.8 39101.6
18826.6 48059.6
49247 24040.2
23828.4 18806.4
26808.9 6556.76
1036.88 12796.6
42041.6 7272.55
19637.1 15385.3
20183.4 31200.2
26207.8 5937.96
8739 28808.9
17867.7 38995.2
12255.4 25282.1
17406.4 25445.1
8253.19 43141.6
6008.62 15327.7
26154.3 12481.5
6375.19 46381.8
13966.1 10524.4
22660.2 23776.6
1762.13 6270.73
9487.95 5994.89
23055.7 1665.05
8972.82 3757.88
34050 10323.6
20433.1 32347.5
48416.7 3994.01
39310.6 41593.9
29965.4 9214.89
11416.4 33270.9
38577.1 32713.1
7033.81 16847.2
11387 28376.2
30180.3 4924.61
1486.89 14895.6
10665.2 38772.2
13285.6 10772.8
37443.7 25950
37727.7 12959.2
14508.6 4587.24
24412.4 24088.8
38271.4 9422.65
35843 47417.6
49787.3 26325.7
24686.3 37433.9
33060.5 39794.6
26513.2 39396.9
34774.4 47939.1
40947.8 35152.1
35170 28137.8
14731.3 45916.7
37372.4 29326.8
59.9268 38.0149
4873.9 31937
4078.58 14228.9
29057.9 29071.3
28969.5 39819.6
36986.3 28247.6
3925.66 21143.9
24854.3 38585.6
25481 23856.4
19529.5 19117
18165.9 625.749
33281.1 36906.9
38674.1 9781.57
9122.02 14020.2
740.248 182.47
44446.8 12892.5
6220.08 7257.95
2029.73 21279.6
37913.6 48463.3
31700.8 29196.8
26291 6197.26
14199 17739.8
37687 19708.6
32813.3 23529.3
34170.2 3155.19
34188.1 19414.5
20071.9 4226.08
49272.8 45792.4
27609.6 3782.13
23773.8 25744.7
17655.9 311.701
1274.72 43410.2
26859.3 42149.8
6804.37 24839.2
2031.84 30857
26637.3 17628.9
23013.4 7097.67
39327.5 6116.11
19896.1 12201.5
31299 44442.2
46787.9 6990.24
27136.1 45883.7
21793.9 32956.9
49168.2 9547.28
35550.5 38339.1
29356 11765
390.451 49631.2
3014.19 46660.5
33830.4 28212.4
40559.6 7491.85
20028.6 14414.2
18077.9 4085.02
49288.9 9585.49
5343.4 33009.2
19911.9 18253.4
25775.7 32661.6
18252.8 39220.1
30613.5 26966.7
49718.1 5968.02
15065.5 45938.2
22975.2 1561.56
9203.8 46010.8
27849.7 34709.1
43548.8 43531.8
1157.87 34422.2
36695.8 46192.6
8893.21 32925.4
7764.69 41510.3
15905.1 41560.6
26872.3 18814.4
5641.31 10796
25089.3 26349.5
10605.7 17231.7
5453.01 38626.8
34118 44364.3
60.4619 16705.9
9392.44 26498.3
24824.7 9081.44
15926.7 13746.5
22594.4 6287.12
7651.24 20863.5
38760.7 26082.9
13852.6 24791.6
9492.64 21414.2
6139.49 35695.6
36966.3 41078.9
21700.9 22989
12280.9 8384.16
41053.3 48760.9
19149.9 28368.2
33263.5 46246.9
22503.1 10785.3
18292.8 28349.9
19824.1 11539.7
40208.5 42725.9
28314.7 35283.8
24520.3 10759.1
2819.86 6555.42
29877.7 5335.06
18493.9 4575.84
13257.7 8083.37
44681.5 48200.8
24713 24313.8
34059.3 39478.2
11641.8 35449.7
6421.58 15985.7
19025.4 15107.3
23788.6 48709.6
14253.2 20751.2
22298.5 8045.74
28576.6 28242.5
3809.58 32670.4
27038.5 34300.5
38905.2 24100.3
31497.7 46095.5
39977.3 36758.4
22837.2 23787.8
20142.8 17091.1
26634 37903.5
29333.5 34366
37028.2 21595.8
14044.6 27277.8
29063.6 29416.8
27855.1 11140.1
10637.5 7977.7
