29949.2 41672.4
3851.91 17749.8
40237.9 27161.6
28009.7 7577.69
34093.8 23325.6
25695.8 49482.7
12484 37494.9
34056.9 24853.6
8318.36 49015.9
27210.2 4905.22
20671.9 18874.6
17636.5 19203
38.7484 34512
4828.79 45304.4
28224.6 7885.66
47683 15874.1
38037.7 21477.2
26286.3 6708.8
3036.83 22091.6
2965.39 36928.6
38086.5 14802.3
48023.3 30330.6
15111.3 47966.7
39103.4 29218.5
45453.7 17086.1
390.317 15996.1
37580.9 20715.2
32180.2 9490.96
27742 25776.9
43291.3 9317.73
38876.4 157.574
24539.5 294.471
47005.2 29508.1
5600.4 21117.6
3794.46 14456.6
9155.6 16697.3
4123.35 471.824
42208.6 41761
47703.2 20624.4
29530 9233.96
43660 38234.1
41523.5 5953.8
13700.8 36366.3
3061.44 34591.2
31250.2 6133.51
48500.8 34038
49099.4 21496.4
44298.8 22466.2
12259.8 17081.6
41773.4 14658.3
22773.3 21556
48954.3 24524.2
9539.8 18058.4
45601.1 24816.9
38145.3 48660.9
44033.9 28835.6
10519.2 13295.2
15745.8 28692.5
40199.7 17030.8
30835.9 17185.3
32385.9 446.978
40015.4 40364.3
7377.7 9453.02
26707.8 8125.07
42900.5 7382.7
1328.57 45384
23015 26976.8
5588.42 2429.01
2611.64 43341.2
41336.7 17769.5
20729.3 4366.47
35363.2 29844.1
11456.5 36189.9
43323.7 30502.1
30377.8 11021.3
49216.4 44929.6
40084.9 33498.8
10190 17518.1
34878.1 18195.7
34995.5 37210
15017.2 7560.49
24799.3 48756.7
12774.1 5273.4
4037.11 14539.6
18203.8 30029.9
25631.5 8852.3
5382.36 4824.55
10719.1 35276.5
45278.1 49809.9
675.24 45858.8
44364.3 16836.1
8903.03 30670.9
34802.5 43988.1
19945.8 42795.3
33999.5 36474.3
45875.5 29969.2
9227.57 38555.3
18375.7 13172.9
12104.2 8513.75
37257.7 440.122
10571 764.627
3949.82 9950.21
32600.3 35316
20681 28133.6
30406.7 49983
17467.6 49807.1
15476.4 13951.6
40164.8 43386.9
33743.3 35079.6
2491.89 33247.4
34898.2 26720.8
16228.2 28910.1
11997.8 35263.9
24316.4 31175.6
9275.19 44071.2
18392.8 30042.1
2059.49 19975.6
6827.44 14181.3
20635.7 19719.2
49601.8 1655.48
2416.61 7055.7
28380.3 11935
30786.3 41102.6
18885 1388.2
5407.59 43389.2
38232.6 21168.4
36918 4747.47
