1738.64 8128.64
20652.8 4445.5
24195.4 40476.1
5504.17 42920.1
9885.79 8174.27
23060.7 24456.2
9845.16 27933.4
20053.1 7513.29
32492.3 19377.4
46007.5 7136.26
37499.7 48177
960.851 8434.45
41038.6 38426
1062.58 24617.5
28042.5 31695.2
33316.7 13449.9
27558.4 40649.7
45482.7 19721.8
36008.2 48041.8
40248.7 5648.67
17968.9 21948.2
22669.6 9884.31
22134.1 6951.24
28178.3 6565.74
20688.6 39377.6
18332.6 13233.2
30640.2 25229.9
10202.6 18293.8
24436.7 36907.5
14089.2 5287.6
23946.4 37269.8
18626.8 26627.6
23757.7 1132.73
38067 34783.9
19715 44936.2
21167.2 5804.86
34185.2 42087.9
8900.54 15276.2
2217.43 15790.8
19350.8 49743.1
25288.9 8903.57
19619.6 23162.7
32700.8 34607.7
22458.2 5875.62
18295.4 44177.5
33075.9 46387.9
7992.63 48913.4
19782.4 22956.3
31492.3 19297.7
2096.6 38610.8
21826.4 546.696
24210.5 31021.7
63.3106 13869.4
23384.6 33883.3
4902.2 20953
23361.2 39859.6
1573.43 23984.4
18016.6 23141
2976.3 8208.49
40714.4 11450.5
4472.38 37907.9
26487.2 2718.89
496.641 46470.2
16785.5 41670.8
27007 27462.9
560.482 29805.9
49923 31912.5
22890.6 26466.2
22806.6 22560.5
23943.9 4241.88
17842.2 289.997
34178.8 13927.2
23558.3 32587.6
13857.8 20752.1
37673.6 29047.6
1181.54 28996.2
31151.1 11659.4
49386.5 7985.92
14433.4 30461.9
3850.02 22333.1
41114.8 12704.5
700.402 12548.5
40264.5 12255
18065.1 39224.2
18041.1 19263.2
1972.6 7150.19
8202.45 11889.1
309.673 49997.9
22857.4 6424.1
22295.6 44660
49692.4 6065.36
26912 28692.4
20573.7 2433.96
30645.6 44693.2
2723.5 7181.3
15521.7 21788.4
34397.5 7415.39
16890.2 14347
14283.7 41318.1
4207.13 23257
18950.8 37570.4
39619.2 33447.7
22073.5 2652.12
24529.6 42065.4
48882.5 3925.43
18206.3 24293.5
30504.3 8752.88
9844.62 20739.6
30860.9 17028.3
18153.3 45153.2
29786.8 7953.96
5846.96 42863
2762.91 11874.3
42226.5 41359.8
31360.4 2911.09
40495.4 49382.3
20091.5 36001.2
7709.96 22879.5
39095.6 5968.16
27348.7 2140.96
18878.9 15013.4
9855.66 9860.54
10704.7 7529.9
6740.16 2788.82
25769.4 10817.8
23882.8 8510.05
40471.1 9007.44
25490 35636.7
12133.1 11816.8
30453.2 16896.1
2662.94 15543.6
19958.6 16812.3
14333.8 29323
15150.3 19310.5
33233.4 28618.4
47401.4 8935.39
16932.8 46021.4
11998.5 28053
32808.3 18487.4
18295.7 49789.1
5679.19 24800.2
26094.7 41616.1
27339.5 45373.1
23802.9 28249
22992.4 11098
40363.2 31042
34686.9 35732.8
42628.7 10850.2
17859.5 48215.1
9486 6083.76
14874.3 31704.4
30584.6 9255.33
2651.09 22198.4
505.226 24179.9
21145.7 18390.8
36583.2 30699.5
16702.3 23120.2
28433.4 36828.5
18289.7 38578.7
36827.5 2358.96
28922.4 1710.64
11065.7 18407.7
28022.7 26970.1
571.167 46631.7
2690.49 24848.6
17154 34930.3
23199.1 6355.67
28461.3 27044.9
18819.1 36402.8
33337 16138.4
41925 38097.6
49625.9 30796.5
19388.6 18908.6
49728 2990.19
12678.8 26332.5
32308.5 14046.1
28921.4 12196.6
19777.3 18541.4
21172.1 12068.4
27621.9 41833.7
33871.4 102.927
14679.4 25718.6
18247 13890.7
7284.66 42391.1
47398.9 47126.9
16567.2 45488.8
13401.8 28240.6
3184.25 11044.8
39281.3 31359.1
27062.2 48493.8
33417.3 43381.9
5670.15 25222.7
15889.1 26643.6
33203.3 19711.2
4563.95 46210.5
20799.5 5462.62
45247.4 9649.48
26999.4 39022.3
34556.3 7383.11
15659.4 25002.6
12481.4 4707.26
5931.8 14260.1
48926.4 49976.4
39884.9 31966.4
14532.9 32955.6
28283.9 27235.9
14220.3 29172
15011.5 45363.3
24591.5 1306.76
26994.3 42204.7
28579.4 46.1841
5491.91 31662.8
3139.36 10480.5
40091.2 37963.1
19469.6 45778.5
1699.97 35379
7557.63 2732.73
44344.1 38894.4
26202.3 15381
1801.47 6120.77
13520.9 3750.57
33213 16526.6
25742.3 7088.57
1834.37 14203.5
13804.7 5802.61
47341.3 15010.7
20015.7 8679.5
40870.2 3335.17
19766.2 36552
19621.9 1655.38
27687.9 29086.3
45071.8 3122.25
10520.8 43357.1
37863.7 157.271
25350.5 34914
4515.89 44235.8
27908.8 42405
15607.5 42911.2
44846.2 13768.3
32840.5 38811.3
18263.2 47000
48119.4 24450.6
23457.6 19947.7
26103.6 7527.58
1982.5 12057.8
43012.4 6567.21
19001.2 14367.7
19893.1 30035.9
26207.8 7137.96
9936.08 28892.7
18787 39766.5
13429.2 25032.6
18547.7 25074.3
7156.94 43629.7
7196.94 15494.7
26893.1 11535.9
6375.19 45181.8
13330.2 9506.77
23148.3 24872.8
2874.75 6720.26
10051.3 7054.43
22765.4 500.696
8081.04 2954.92
35146.3 9835.53
19291.8 31976.7
49308.5 3191.05
38251 41030.5
29294.4 8220.04
10398.7 33906.8
37383.7 32587.7
6950.11 18044.2
12220.6 27513
29971.9 6106.38
2350.1 14062
11682.8 38136.2
12290.7 10101.8
36524.5 26721.4
38177.2 11846.6
15072 5646.77
25611.6 24046.9
37635.5 8404.99
36646 48309.4
49912.7 25132.2
25549.5 36600.3
33144.2 38597.6
27432.4 38625.5
35813.6 48539.1
41719.1 34232.8
34016.5 28468.6
14400.6 44763.1
36293.9 29852.9
59.9268 1238.01
4202.87 32931.9
4749.61 13234
28063.1 29742.3
29219 40993.3
35812.5 28497.1
3437.57 22240.1
23713 38956.4
26678.1 23940.1
20332.5 20008.7
16966.6 583.87
34019.9 37852.5
39752.6 9255.52
8383.22 14965.8
124.957 703.447
45082.7 11874.8
5107.46 7707.48
3211.5 21071.2
37021.8 47660.3
32760.3 28633.4
25345.4 5458.47
15118.2 18511.1
36493.6 19583.1
32213.3 24568.6
35352 3363.57
32999.8 19581.5
19126.3 3487.29
49919.4 44902.5
26427.8 3573.75
24870.1 25256.7
16456.7 353.58
2313.95 44010.2
27026.3 40961.5
7932 24428.8
3220.16 31024
27715.9 18154.9
23097.1 8294.75
40501.2 5866.62
20935.3 12801.5
30379.8 43670.8
47493.2 6019.42
27662.1 44805.2
22713.2 32185.5
48365.3 8655.51
35024.4 37260.5
29147.6 12946.8
1590.45 49631.2
1849.84 46950.8
34958 27801.9
40033.6 8570.4
19257.2 13495
18816.7 5030.63
49372.6 8388.41
4325.74 33645.1
20775.1 19087
26835.2 32098.2
17064.5 39053.1
29694.3 27738
49423.1 5244.86
15984.8 45166.8
24139.6 1851.86
10095.6 45207.9
26652.6 34625.4
42657.1 42728.8
2346.19 34255.2
35990.4 45221.8
10081.5 32758.4
8400.59 42528
14934.3 40855.3
27950.8 18288.4
5599.43 9596.75
25214.7 25156
10814 16050
6617.36 38336.5
34201.7 43167.2
309.956 17879.7
9841.97 25385.7
25388.1 10141
16698 14665.8
23365.7 7206.37
8848.32 20779.8
37721.5 26682.9
12857.7 25462.6
10605.3 20964.7
5144.65 36366.7
36635.6 39925.4
22865.3 23279.3
12072.6 7202.39
42194.6 49131.7
20291.2 28739
34002.3 47192.5
21867.2 9767.64
18292.8 27149.9
19336 10443.4
40000.1 41544.1
27126.3 35116.8
25225.6 11729.9
3984.22 6845.73
31066.1 5168.05
19057.3 5635.37
12586.6 7088.53
44765.2 49397.8
23821.3 25116.7
33354 38507.4
12636.7 34778.7
6463.46 17185
19435.8 13979.7
24651.8 49543.2
15452.4 20709.3
23132.1 8908.95
28702 29436
2668.31 33041.2
27409.3 35441.7
37985.9 24871.7
31455.9 44896.2
39606.5 35617.1
23363.2 24866.3
21239.1 17579.2
27693.5 37340.1
30328.3 33695
35886.9 21225
13073.7 27983.1
28427.7 28399.1
28872.8 10504.2
11655.1 8613.61
