5846.42 17180.5
12410.6 3462.75
27043.8 27075.4
3597.5 29353.5
2808.11 1281.78
14831.7 13130
15539.5 15143.8
6595.46 3654.37
49608 2915.13
43216.9 28376.5
41448.7 6452.6
48960.1 21612.1
27726.9 44620
6608.7 61.1684
29955.1 46478.6
6243.55 33020.3
31901.4 45152.9
42684.6 23853.9
17063.6 31843.5
45971.3 5730.33
45197.9 44252.4
46858.5 3975.45
17968.9 33448.2
24423.2 22361.7
9550.95 814.041
20759.5 18438.4
30413.8 29306.8
13200.5 530.737
27325.8 38522.9
3043.22 19804.9
18742.4 24117.8
10853.1 2936.46
31365.3 49142.5
15312.5 13334.6
32821.3 9885.42
33278.7 47939.6
32870.7 49724.5
18603.8 14744.6
22060.8 35087.9
48475.5 20910.6
47905.7 19322.5
19304.6 24644.1
34673.7 28544.9
14200.7 11897.2
33033.2 30572.2
22817.3 38011.3
27237.4 22767.3
29690.4 13437.5
32700.8 48607.7
45034.3 18709.3
22946.8 19867.1
28633.7 46620.8
45865.5 40693.6
2748.14 35932.8
33748.3 23932.9
17825.7 18342.1
15554.3 34751.9
14846 11332
48143.6 21017.6
32645 20225.9
13836.7 13006.5
36540.3 29095.1
2888.77 30624.9
33765.2 49227.4
5260.65 32129
14543.6 11029.1
8019.57 4268.26
49881.5 1269.39
1852.69 25583.3
15201.8 4150.73
2528.79 38319.7
9379.44 31477.2
39232.7 24414.6
11497.6 33359.6
42323 25612.5
34401.3 31591.1
27132.9 35875.3
37807.6 6190.31
14332.3 11611.7
20594.7 17314.1
33779.9 22752.7
33629.1 22862.4
564.728 24066.4
49797.9 22047.6
7855.25 35297.9
19824.9 3430.42
35599.2 5554.85
25926.4 30863.2
45660 39298.8
2347.89 31606.4
27548.1 14611.2
7820.05 19430.4
48317.1 1171.45
24468 31028.9
16577.7 33186.5
45048.8 28105.6
6528.5 1318.91
12135.7 1082.64
14309.7 49997.9
17732.5 17934.8
21971 35365.6
40502.8 182.349
32310.9 18538.5
19597.1 16399.9
30645.6 44693.2
10388.8 5270.12
29487.6 20811.8
24633.6 421.455
9061.52 2740.47
27073.4 35623.8
3787.48 33623.9
7078.14 30151.5
48618.2 22723.1
33023.6 30027.2
35565.3 273.139
37987.3 38206.4
38518.7 8430.2
32070.1 26241.9
47025.8 22105.4
23112.3 17562.4
10333.2 6748.15
30860.9 31028.3
6470.76 49873.2
18703.3 16006.6
11370.4 31538.2
7340.25 20885.9
28659.8 43266.5
30273.3 13254.1
28630.8 42532.3
23002.3 22307.1
2585.07 34390.2
49312 121.342
29194 21996.1
13782 234.29
27107.9 26339.6
23643 12291.6
3285.8 19402.6
4309.09 16576.1
27717.8 24681.5
40472.6 26466.3
43171.2 16058.6
13641.9 903.864
46307.2 7229.93
35539.6 31302.4
31921.8 23540.3
5995.94 24399.9
36753.2 27808
16526.7 17492
11729.6 5486.09
28299.7 30299.6
38017.6 26197
11291.4 5852.84
19775.7 32477.3
42551.6 558.079
27886.7 46672.2
25964.4 27076.4
39808.3 6363.01
39800.5 35758.7
24945.4 37921.9
2505.15 29168.9
32667.3 29254.8
13416.1 43909.7
34857.4 31418.8
11666.1 2868.99
30292.4 40767.2
35663.5 49698.7
36515.7 2436.45
23104 35234.5
455.739 2662.59
28865.8 31215.8
23584.6 21379.7
7568.64 31497.2
13660.9 19391.6
29244.8 28043
26284.4 29252.1
26065.9 31551.3
39158 27829.5
5774.09 33006.4
33916.8 16053
30369.8 12009.4
18484.5 30280.4
42782 10293.2
17868.8 32369
4430.09 33174.1
502.526 37257.2
29631.4 33176.7
13484.6 1522.6
19397.7 35797.6
30143.9 41926.3
30905.9 29925.7
35075 26233
46894.3 20194.7
39314.6 29110.1
15529.7 32366.3
40289.8 6210.35
25381.2 31464.6
26736.2 26561.7
41504.6 6059.43
27438.2 29899.2
33044.8 19487.2
34530.6 48500
43001.5 3069.49
28670.9 25230
14860.1 306.575
18891.2 34562.4
33907.1 49505.8
10994.9 32973.3
48884.5 19322.9
27367.7 29217.2
47488.5 22354.3
15545.5 17617.4
46663.8 4107.84
44853.6 18843.6
20634.3 40833.4
29641.1 30212.7
43983.2 22471.1
46317.7 18968.8
18031.4 31795.3
30594 9802.44
20609.1 38326.1
19619.2 16324.3
13183.2 35178.4
6935.74 3514.2
42625.2 3159.2
33605.9 49373.9
47932.2 23769.3
38448.2 9139.58
27983.7 19744.4
19892.9 38032
19054 17068.5
237.486 27049.7
34640.7 19514.1
37226.4 49876.4
33312.3 19605.1
28532.9 32955.6
30662.9 13744
23972.8 35266.1
25736.1 36364.3
25080.1 15298.2
28205.3 45364.4
42579.4 46.1841
48693.2 20082.3
3673.27 32892.6
283.9 267.966
33954 25380
32450.2 40534
11610.7 35187.2
3698.71 16190.4
42934.6 39407.4
34431.3 4054.75
3558.2 16889.4
18562.2 14086.7
44829 25657.7
23253.7 22276.6
24425.2 19619.5
1834.37 28203.5
29497.6 31788.9
4916.66 3058.17
38906.7 4214.96
28244.7 20005.7
35326 1317.25
30008.2 34746
25537.3 12780.5
48007.1 3703.8
38062.5 28360.9
46259.1 2380.36
7047.78 31245.2
46633.7 4061.94
12758.1 34474.3
14062.4 46700.3
28460.1 44327.6
7778.82 31304.7
45327.9 3859.82
20614.8 35763.1
12347.9 35874.9
34963.7 29238.9
19131.4 33262.5
17874.6 18853.8
11044.6 4977.72
46005.8 4392.4
12324.2 3682.25
16578.7 16742.8
26207.8 19738
23902 29869.2
29511.6 48765.5
27123.3 22121.8
45921.1 1987.54
31862.5 20748
610.723 47857.8
20763.6 17401.4
47074.6 20977.6
35327.6 740.171
6375.19 32581.8
7893.17 994.476
28842.6 37662.5
14557.3 11440.3
16483.1 19150.8
25619.6 12774.8
10756.4 5363.79
47661.8 4263.24
49749.3 6233.13
7308.53 28083.1
42500.3 4746.06
25889.8 34457.9
24541.3 1173.22
45380.9 28442.1
1409.43 39523.9
42951.2 22702.2
24852.7 31270.6
5973.51 32010.1
21945.8 17442.2
27593 19598.2
11413.8 5309.27
21435.4 32042.2
2756.79 3671.04
28557.6 33406.3
42485.2 1183.99
21644.6 18008
39603.1 23558.3
34297 3062.29
45014.4 23920.2
30556.9 41546.7
36297.6 29188
41532.4 23547.6
35620.3 26875.1
34120.8 24631.7
38157 29626.5
28885.4 44539.1
29136.7 11740
49333.9 23913.2
22962 31638.4
10927.5 32651.2
23980.4 35858.6
10459.9 4738.01
3531.84 33926.7
12578.3 1627.5
18529.1 36173
30175.4 45492.8
22118.4 31407.9
5045.48 32150.9
11729.7 42850.1
40644 24916.7
29700.3 30412.8
2975.14 95.277
42639.2 48884.6
47933.8 5042.75
10.2282 25682.8
9675.62 4286.02
45972.2 1582.14
48955.6 4323.84
36055.1 24990.3
38469.4 24416.1
7593.06 6918.94
16703.4 18692.3
26617.8 38292.5
45121.6 22060.8
16133 2956.29
24770.4 26610.2
22570.3 18119.7
25363.3 36433.1
48843.9 5742.55
19136 21529.9
9788.16 6343.67
40615.7 38143
12640.5 1142.68
45407.1 39118.6
37659.7 19562.3
4963.68 754.924
13619.7 48228.1
28974.7 27097.7
18738.5 20495.6
45851.9 27913.7
17083.9 32972.4
40299 24292.1
23899.3 19766.7
46209.9 4346.5
33059.7 19801.5
19885 34864.6
43345.7 4242.18
33799.3 32222.1
33437.8 23186.5
38894.1 1574.03
46187.4 22598.7
29501 25935.7
26716.5 26734.1
15590.5 49631.2
48066.6 22062.5
11480 44652.8
48113.7 23013.7
34992.3 18906.5
10451 3000.16
25896.8 14092.8
43938.3 89.1163
7124.3 31896.3
29047.6 27075.6
39196.5 25525.6
3200.76 37104.6
20042.1 35837.2
41741.4 1160.46
49444 20458.1
26479.6 36360.6
37723.7 5238.77
20499.6 35840
12686.7 33648.8
32253 33361
41317.8 3859.02
16209.9 32306.8
27761.5 33895.6
23945.3 30810
17388.9 47288.2
3850.77 32802.6
40534 12151.2
4986.79 3514.43
26416.8 13719
13245.1 2262.66
20201.5 34949.6
49817.8 13531.9
35178.3 29201.3
3158.35 31280.3
15086.5 12405.1
45510.6 29153.5
31303.4 21266.1
25697.1 25390.4
32364.8 17931
22514.9 19824.1
25597.2 33682.9
1251.21 33291.3
20248 17068.8
4205.72 37120.6
32776.6 26467.8
36449.4 26666.2
4305.19 1159.37
48159.2 39188.2
31228.4 32292.7
29815.8 41834
16854.1 1933.78
18292.8 13449.9
15553.4 1947.44
37569 27756.8
13559.7 33210.1
33454.6 23056.2
17568.4 10232.6
43543.4 3414.47
24972.6 16760.5
10014.3 3274.95
43433.5 48989.7
13417.2 34484.6
25947.9 28313.8
24243.2 26950
6952.05 31176.5
33355.4 10809.5
24121.5 1105.87
33349.8 41399.9
29443.9 20220.7
31884.8 17972.6
44237.7 26754.5
30019.1 41966.9
9071.29 31065.9
31735.5 48756.5
27261.3 33870.7
30967.3 30904.8
35712.9 23633.8
29368.9 37179.8
34028.7 23273.5
40054.8 30767.5
41934.9 25866.2
23903.6 17331.4
1747.5 36212.1
22916.5 19579.4
40745.4 3085.29
23527.8 16032.5
