25899.2 34657.6
4698.59 25805.4
47252.7 31211.6
35795.9 9810.35
8041.69 20432.6
41953.2 21366.1
19490.8 44276.1
18688.9 32288.3
27852 19647
15033.6 44486.4
793.045 47550.7
23236.2 638.214
16142.4 25589.8
23463.1 24829.7
1166.05 26490.8
2714.3 45981.9
24930.1 15285.4
49367.1 23797.1
30527.5 18442.9
20266.8 1288.84
2104.6 28112.5
22677.5 45254.3
21140.9 29712.9
11021 36081.9
41889.2 7650.41
43036.4 23947.7
37789.5 23977
11308.5 40814.8
44090.3 22835.6
49746 10216.9
6189.68 20631.6
44980.6 17420.6
36941.3 2937.93
29426.1 17853.9
40788.3 17021.3
35769 7314.69
16640.8 118.704
41160.9 6433.06
31550.6 39091.3
46928.6 29572.4
9650.4 28132.4
11717.5 16140.7
12450.2 24097
1545.15 5080.82
14409.7 23078.3
34113.6 41478.3
40303.5 23919
2343.89 20288.5
26235.4 16633.7
47952.4 31364.9
44818.1 13353.5
7147.74 41127.3
6612.24 41871.4
29843.6 14110.5
44818.9 32992.3
46065.1 13986.2
36321.8 21059.6
6054.83 11875
42338.4 6578
14850.3 19871.9
43598 26473.7
16409 13766.1
24072.4 40646.2
37678.1 23132.8
43772 42834.2
44316.6 36930.7
17072.3 8534.13
13513.2 20906.3
42159.3 24890.2
22858.9 15778.8
27528.8 5941.35
45002.3 46747.2
13004.4 3626.36
22905.1 973.195
39349.7 102.464
7711.46 40397.1
16810 21770.2
1826.06 3819.94
4946.23 42775.8
48351.5 21819.5
17434.8 11766.2
29736.5 35670.8
19068 33419.5
10932 49396.1
36770.7 35263.2
24358.3 5601.31
45855.7 26796.8
43249.2 46211.2
32298.6 35731.5
12422.7 25304.3
25615.5 3090.3
42958.4 17630.7
35560.5 45290.3
7865.33 3757.77
32820.5 49884
9136.88 29823.9
19489.3 743.942
9663.84 8712.9
17076.5 22008.7
21581.5 15867.1
1579.64 11976.4
17733.9 39326.5
47371 48835.3
7145.63 49499.4
39603.2 10283.1
10030.3 22649.7
10791.4 1154.43
33118.4 36065.1
12546.1 46089.9
25899.5 36474.3
27347.1 41318.9
41825.5 36984.1
17322.6 38272.6
17248.4 5151.68
6477.43 14340.4
29977.5 3990.93
4188.12 5751.48
3689.1 10199.3
36403 28164.1
15920 21580.6
37275.8 45690.6
19974.1 44067.9
9849.68 19778.2
46547.7 38400.1
41666.3 36763.7
781.101 40286.8
27286.7 29491.1
11698.7 35625.3
19508 38298.2
16612.8 33678.6
15101.8 49698
30651.3 14783.4
10337.1 30888.8
8612.53 24736.6
13842.2 18231.3
20070.6 11638.9
43077.2 1757.85
3718.89 5962.96
23393.5 5552.11
26493.9 47971.8
21098.4 5421.91
7851.28 49761.6
33940.2 14299.2
40720.7 11899.3
