761.454 12725.9
16949.2 1551.89
25172.6 35878.8
4850.06 38265.9
8748.76 3613.88
20298.1 20653.8
11756.8 23639.7
15535.2 6217.79
36092.7 22398.5
49955.9 6258.69
33083.2 46569.5
1575.96 7522.51
37236.2 41188.6
408.465 29271.8
29338 36213.1
36461.6 16942.6
23958 37628.6
45646.8 15024.7
40568.6 49178.8
44877.3 4832.52
17968.9 26648.2
23323.7 14538.6
17909.7 4890.89
25687.7 10551.6
23953.5 35996.7
16571.9 8875.39
29503.1 29790.3
5548.33 18947.9
22525 32613.8
10286.8 2525.01
26437 41255.6
17489.8 22067.3
27138.6 4397.62
36459.5 39200.4
24131.6 46543.7
19871.7 10322.8
30114.9 39737.9
12393.3 18421.2
39602 20658
6687.4 14338.5
35709.2 25539.4
21523 47220.8
25943.1 13557.8
23000.5 19897.8
32700.8 39307.7
22622.2 10572.8
22097.8 46940.1
37369.5 44476.2
6231.98 44555.6
24471 23284.2
26803.8 18969.9
6614.53 37315.3
19212 3120.59
27104.1 27318
4559.32 13655.2
27801.1 32275.8
485.644 22560.5
26853.9 43004.5
596.245 28581.7
16721.1 18623.1
691.068 9993.91
43859.3 7957.69
3495.2 33310.6
23824.7 666.884
617.602 45985
14022.9 37868.4
31567.4 26325.8
5030.45 31258.3
49923 27212.5
27184.3 28377.8
24259 27030.5
28598.1 4896
15584.9 2699.29
29618.5 15064.2
42275.8 26535.4
26939.2 29322.7
9297.39 21889.1
41743.9 26697.6
189.916 33386.7
27348.7 8896.82
44757.9 7169.78
19130.5 30625.9
170.351 24012.5
36460.6 13358.6
209.118 17222.8
43027.1 8452.6
20958.7 35520.5
17549.8 23937.5
802.847 8647.41
9809.95 7472.55
5009.67 49997.9
20945.7 10717.8
22131.6 39962.8
46391.7 3582.35
29118.5 24542.5
20245.8 7122.51
33666.7 48293.6
1656.18 7447.41
20210.2 21460.6
30693.9 4521.78
14262 10450.5
18577.4 39406.4
4.82487 25128
14965 35079.7
42640.3 29847.3
36216 24023.1
26702.1 1835.97
29047.5 40769.9
47014.7 4647.55
22860.6 24947.6
47377.7 28715
27483.2 12353.3
10008.7 16042.5
30860.9 21728.3
13795.5 46913.9
25984.5 10716.5
7907.31 38638.7
59.1016 15595.8
37572.2 42013.9
30869.1 7585.34
36425 47032.3
21068.7 31403.9
5798.29 27173.2
43512.1 4360.67
33791.2 21835.5
22694.4 1486.85
21641.4 18815.8
14484.3 10676.7
8214.05 11515.7
5924.01 7417.42
26423.5 15472
20390 5365.14
44989 7711.95
38413.5 22457.6
27696.6 31486.8
10072.8 16041.1
32803.2 20966.4
7317.2 16197.7
17196 13009.9
19022.4 29650.9
44491.7 19945.1
13854.8 14792.6
28715.5 29913.9
49512.9 5485.54
21290.6 47782
16687 27725.2
35158.3 14417
20579.3 46133.3
2916.6 28602.6
28301.2 37466.2
22665.2 44881.8
28320.8 29544.5
19190 8335.39
36982.3 34306.9
35014.8 40421.4
39866.1 7047.85
19620.1 43857.3
5993.22 2938.85
19571.5 31540.4
28234.6 13325.6
240.144 25771.6
4921.78 22572.4
24166.8 21991.2
31929 30045.4
20195.1 26265.1
32033.8 33807.4
13996 36667
35850.4 6956.26
29576.6 6364.9
13556.3 22393.6
23872.9 29176.6
1866.66 42113.8
1874.35 29477.2
21808.2 34276.2
19396.8 3593.08
25080.5 30309.8
23043.4 38463.2
32520.8 20767
39575 34027.3
49790 26099.4
40414.1 21287
18093.1 23426.6
47184.2 425.265
17036.5 28093.1
30396.9 18339.8
33145.8 10136.3
22405.5 22437.9
25158 14559
29533.6 46127.3
37580.5 1308.09
19376.5 25554.5
17110 9330.33
11181.1 39762.9
42770.3 47943
14655.5 41195.2
18090.3 28568.5
7334.1 13251.4
41193 27065.5
26612.2 47957.6
32121.8 38864
49147.3 26823.3
9820 27429.2
35522.3 17689.3
17649.7 31001.4
28642.9 18574.1
7457.56 42506.9
16145.2 4808.51
43486.8 5291.72
29059.8 43246.6
47657.7 10433.9
32349.8 11533
17111.7 29472.5
14687.9 8857.11
4020.14 18553.8
46526.4 49876.4
37678.4 27816.6
19232.9 32955.6
29100 22607.3
18206.1 31662.6
18611.9 42342.2
24755.5 6003.89
27158.3 46901.9
33279.4 46.1841
47069.3 27838.8
803.362 31990.6
2002.33 5920.13
38030.8 33738.8
23827.4 44017.9
2333.39 35836
6262.13 7250.66
48760.7 37286.9
28964.9 11578.6
985.322 10749.4
15581.3 7974.9
29142.7 18876.6
25251 11762.8
1834.37 18903.5
35223.3 24460.4
10423.8 2537.71
44447.7 11307.1
22778.3 12481.9
36453.7 1727.68
24394.8 35735.8
21828.5 5805.24
32376.4 28758.5
49057.7 631.631
9225.32 38839.1
41426.5 1743.54
20653.3 34750
6576.24 48460.1
29204.3 46923
12979.3 39014.7
47867.3 10167.9
28280.1 37674.3
16056.7 42850.2
43702.8 26058.1
22005.2 24417.6
23341 11330
5686.15 9164.22
46814.8 3804.62
16510.6 10381.8
18756 25475.5
26207.8 11838
14624.6 29220.5
22387.4 42787.6
18026.5 24055.4
43440.3 10638.9
23017.6 23621.9
2863.28 45541.4
11851.2 16148.8
29786.7 7832.27
6375.19 40481.8
10839.5 5520.94
25060 29166.5
7232.52 8480.91
12257.8 11204.3
23369.7 3751.06
4885.52 77.6585
39439.9 7923.87
14821.9 30524.3
47553.6 195.967
34101.2 38824
26666.2 4323.57
6412.91 36397.4
32709.5 32096.4
6622.25 22732.8
15485.4 24132.1
29155.8 10735
5731 10797.1
15668.7 35645.6
8394.24 7473.55
32924.1 29742.5
39937.9 7488.84
17278.5 9796.63
30308.8 23882.9
35144.8 4419.17
36579 48235
40947.6 21134
46107.2 24028.4
28930.4 33335.4
33472.1 33909
31032.8 35604.4
36939.5 49189.1
37495.4 15816.9
44740.2 30632.4
29498.6 29764.1
13105.1 40245.2
32069.6 31913.2
1159.93 4738.01
1574.66 36828.3
7377.81 9337.55
24166.6 32370.5
30196.2 45590.6
31215.2 29474.3
1525.91 26533.8
19243 40408.8
31366.6 24268
23477.4 23501.5
12269.5 419.842
36913.5 41556.1
43976.9 7195.18
5489.62 18669.5
4319.37 2336.51
47573.4 7888.98
44027.4 12210.7
42745 31450.6
749.698 9468.13
7840.09 20255.1
33529 44515.4
36910.2 26426.9
21641.7 2564.86
18718.6 21532.2
31819.3 19091.9
29863.3 28638.9
39980.6 4179.72
28345.5 20235.6
15422.7 593.68
46117 42139.9
21799.2 2757.61
48685.3 35211.8
29163.8 23345
11759.5 517.608
6384.27 46360.2
27680.4 36307.2
12348.6 22821.3
41351.9 20119.5
7874.42 31678.1
31940.2 20215.3
23424.9 12983.3
45098.5 4889.43
25005.7 15151.5
26779.4 40649.7
49638.3 2386.43
29722.5 40580.8
26313.6 29164.4
45220.4 5162.73
32964.1 33036.2
28331.4 17575.4
6290.45 49631.2
2456.21 46902.7
39374.5 26194.4
37973.2 12794.7
16236.1 9894.56
21710.3 8734.28
49700.5 3699.86
339.912 36135.7
24156 22351.9
30985.1 29891.7
12410.3 38398.9
26093.8 30759.1
45273.2 3038.34
19585.2 42145.7
28700 2988.9
13588.4 42062.9
21964.1 34297.6
39164.3 39583.9
49027.8 9059.51
7000.45 33601.1
33227.9 41419.4
14735.8 32104.3
10891.2 46513.8
11131.9 38092.7
32175.2 16228.1
5435.4 4899.61
25706 20481.8
11630.2 11421.4
11177.8 37199.4
34529.5 38478.7
1287.14 22477
11602.6 21028
27594.6 14290.8
19719.1 18266.2
26386.8 10806.8
13536.9 20451.9
33651.2 29032.9
8961.26 28090.8
14963 19204
1248.17 38994.9
35340.1 35407.5
27425.7 24416.3
11256.4 2573.79
45285.4 48033
24761.2 30191.4
35541.4 49162.5
19376.6 5781.81
18292.8 22449.9
17424.4 6149.75
39183.9 36915.5
22472.1 34462.7
27988.2 15532.3
8544.61 7982.76
35720.3 4513.94
21263.8 9785.23
9958.41 3192.05
48797.3 49717.4
20328.5 28261.7
30591.4 34705
16533.2 32150.5
6627.49 21882.1
21043.3 9563.11
27862 47082.7
20149.6 20545.3
26397 12289.8
41256.7 20642.7
29193.3 34110.2
1557.94 33507.1
28861.7 39911.7
34385.5 27892.8
31291.8 40199.1
38154.1 31147.1
25423.6 29090.7
25532.7 19490.9
31843.4 35133.6
34224.8 31066.7
31416.9 19772.6
9271.36 30745.7
25937 24413.3
32858.6 8013.54
15641 11104.2
