6531.12 17326
12410.6 3462.75
37110.4 34653.1
27043.8 27075.4
46485.2 16898.7
3597.5 29353.5
2808.11 1281.78
14420.3 12563.7
15824.2 14504.3
5922.57 3461.42
49705.4 2221.95
43753.2 28826.4
41448.7 6452.6
48960.1 21612.1
27726.9 44620
6608.7 61.1684
29955.1 46478.6
6936.74 33117.7
32094.3 45825.7
43152.9 24374.1
17063.6 31843.5
45995.8 5030.75
45367.3 43573.2
46858.5 3975.45
17968.9 33448.2
24423.2 22361.7
8921.8 507.182
20388.5 19032.1
30900 28803.3
13200.5 530.737
27325.8 38522.9
3736.4 19707.5
18457.7 23478.4
11419.4 3347.91
31736.2 49736.1
15312.5 13334.6
32821.3 9885.42
33039.3 48597.4
33528.5 49963.9
18603.8 14744.6
21454.6 34737.9
48737.7 20261.6
47832.5 20018.7
19824.8 25112.5
34302.8 29138.5
14200.7 11897.2
33033.2 30572.2
22914.7 37318.2
27334.8 23460.5
30193.9 12951.2
32700.8 49307.7
45034.3 18709.3
22971.2 20566.7
29045.2 46054.5
46505 40408.9
2485.91 35283.8
34446.6 23981.7
17825.7 18342.1
16227.1 34559
14517.3 11950.1
47712.6 21569.2
32645 20225.9
14535 12957.7
37198 28855.6
2888.77 30624.9
34285.4 49695.8
5260.65 32129
14543.6 11029.1
8571.18 3837.3
49881.5 1269.39
1852.69 25583.3
14552.8 4412.95
2528.79 38319.7
9379.44 31477.2
39232.7 24414.6
11497.6 33359.6
41623 25612.5
34401.3 31591.1
27349.2 36541
38500.8 6287.73
14332.3 11611.7
19915.5 17483.4
33140.4 22468
34132.6 22376.1
564.728 24066.4
49711.3 22097.6
7855.25 35297.9
19258.6 3018.97
34909.8 5433.29
25926.4 30863.2
45562.5 39991.9
2347.89 31606.4
27548.1 14611.2
8516.21 19503.6
48317.1 1171.45
24468 31028.9
16504.5 33882.7
44399.7 27843.4
6959.46 767.305
12135.7 1082.64
15009.7 49997.9
17732.5 17934.8
21971 35365.6
40502.8 182.349
32310.9 18538.5
19548.3 17098.1
30195.7 44157
10388.8 5270.12
30185.8 20763
24633.6 421.455
8670.08 2160.14
27712.9 35339.1
4072.19 34263.4
46832.5 17065.9
6484.5 29780.6
49068.1 22186.9
33023.6 30027.2
35565.3 273.139
38660.2 38013.5
37879.3 8714.91
32763.2 26339.3
47025.8 22105.4
23112.3 17562.4
10357.6 6048.58
30860.9 31728.3
6470.76 49873.2
18703.3 16006.6
11370.4 31538.2
7340.25 20885.9
28659.8 43266.5
30273.3 13254.1
28630.8 42532.3
23147.8 21622.4
2585.07 34390.2
49312 121.342
29194 21996.1
13782 234.29
27519.3 26905.9
24332.3 12413.2
2914.86 19996.2
4187.53 17265.5
27815.3 25374.7
39906.3 26054.9
42667.6 16544.9
13173.5 1424.07
45634.3 7422.88
35323.3 31968.2
31921.8 23540.3
5689.08 25029.1
36753.2 27808
17219.9 17589.4
11318.2 4919.78
28998 30348.5
38017.6 26197
11098.4 5179.95
19102.8 32670.3
42101.7 1094.31
28148.9 46023.1
26662.7 27027.6
40158.3 5756.79
39800.5 35758.7
25274 37303.8
2916.6 28602.6
32995.9 28636.7
12720 43836.5
34857.4 31418.8
11099.8 2457.54
29788.9 41253.5
35983.7 49977.1
36515.7 2436.45
23366.2 34585.5
924.13 2142.39
29565.4 31191.4
23234.6 21985.9
8120.25 31928.2
14318.7 19152.2
29244.8 28043
46054.5 15975.1
26284.4 29252.1
26065.9 31551.3
39694.2 27379.5
5774.09 33006.4
33771.2 16737.7
30369.8 12009.4
18855.5 30874.1
42782 10293.2
17868.8 32369
4623.04 32501.2
502.526 37257.2
29631.4 33176.7
13484.6 1522.6
19397.7 35797.6
30143.9 41926.3
30784.4 30615
35075 26233
46894.3 20194.7
39314.6 29110.1
15336.7 33039.2
40289.8 6210.35
25381.2 31464.6
26736.2 26561.7
42133.7 5752.57
27438.2 29899.2
33638.4 19858.2
34530.6 48500
43001.5 3069.49
29370.4 25205.5
14593.5 63.8706
19471.5 34171
33907.1 49505.8
10994.9 32973.3
48884.5 19322.9
28066 29266
47077.1 21788
16163.6 17946.1
46663.8 4107.84
44853.6 18843.6
20184.3 40297.1
29641.1 30212.7
44354.2 23064.8
46010.9 18339.6
18649.5 32123.9
30223.1 9208.8
20609.1 38326.1
18940 16154.9
13614.2 34626.7
6242.55 3416.78
42887.4 3808.23
33605.9 49373.9
47326 23419.3
37755 9042.16
27655.1 20362.4
19892.9 38032
19382.6 17686.6
34.118 27506.5
34640.7 19514.1
36526.4 49876.4
32983.7 18987.1
29232.9 32955.6
30662.9 13744
23972.8 35266.1
26272.3 35914.3
25104.5 15997.8
28205.3 45364.4
43279.4 46.1841
48044.1 19820.1
3673.27 32892.6
283.9 267.966
33647.1 24750.8
33099.2 40271.8
12309 35138.4
3505.76 16863.3
42934.6 39407.4
34842.8 3488.44
4247.57 17011
18562.2 14086.7
44829 25657.7
23253.7 22276.6
24425.2 19619.5
1834.37 28903.5
29066.7 32340.5
4916.66 3058.17
38906.7 4214.96
28656.1 20572.1
35326 1317.25
30008.2 34746
25537.3 12780.5
48055.9 3005.51
38062.5 28360.9
46259.1 2380.36
7047.78 31245.2
46633.7 4061.94
12758.1 34474.3
46046.4 16058.3
14691.6 46393.4
28267.1 43654.7
7387.39 30724.4
44791.7 3409.87
20614.8 35763.1
12347.9 35874.9
34305.9 29478.3
18915.1 33928.2
17463.2 19420.1
11044.6 4977.72
46005.8 4392.4
12324.2 3682.25
16578.7 16742.8
26207.8 19738
24600.3 29918.1
30047.8 49215.5
27808 21976.3
45921.1 1987.54
32528.2 20531.7
326.007 47218.3
20763.6 17401.4
47050.2 20278
35327.6 740.171
6375.19 32581.8
7893.17 994.476
29127.4 38302
14557.3 11440.3
16483.1 19150.8
25788.9 13454
10756.4 5363.79
47661.8 4263.24
49749.3 6233.13
7308.53 28083.1
42500.3 4746.06
25271.7 34129.3
24541.3 1173.22
44715.1 28225.8
2003.06 39153
43048.7 23395.4
47008 16480.8
24852.7 31270.6
5924.69 32708.4
22432 16938.7
27593 19598.2
11413.8 5309.27
21435.4 32042.2
2756.79 3671.04
28557.6 33406.3
42485.2 1183.99
21973.2 18626.1
40302.7 23533.9
34297 3062.29
44729.7 24559.7
30556.9 41546.7
35947.6 29794.3
41532.4 23547.6
36123.8 26388.8
34169.7 23933.4
38693.3 29176.5
28279.2 44189.1
28507.5 11433.2
49333.9 23913.2
22962 31638.4
10927.5 32651.2
23980.4 35858.6
11159.9 4738.01
3923.27 33346.4
12969.7 1047.18
18529.1 36173
30029.8 44808.1
21433.7 31553.4
5684.97 32435.7
11729.7 42850.1
41342.3 24965.6
30168.7 30933
2275.57 70.8474
43070.1 49436.2
47304.7 5349.61
10.2282 25682.8
9675.62 4286.02
45378.5 1211.2
49326.6 3730.21
35551.6 24504
38469.4 24416.1
8242.09 6656.71
16703.4 18692.3
26097.6 37824.1
45739.6 21732.2
16133 2956.29
24770.4 26610.2
21874.1 18046.6
25363.3 36433.1
48843.9 5742.55
18442.8 21627.4
9788.16 6343.67
40615.7 38143
11951.1 1021.13
44957.1 39654.8
38299.2 19277.6
4963.68 754.924
13969.7 47621.9
29072.1 26404.6
18738.5 20495.6
45851.9 27913.7
17777.1 33069.8
40928.2 24599
23899.3 19766.7
45525.2 4492.03
33665.9 20151.5
19885 34864.6
42934.3 4808.49
34106.2 31592.9
33974 22736.5
38373.9 2042.42
45547.9 22883.5
29501 25935.7
26594.9 27423.5
16290.5 49631.2
48066.6 22062.5
12159.2 44483.5
48771.5 22774.2
34992.3 18906.5
10451 3000.16
25896.8 14092.8
43618.1 367.459
7124.3 31896.3
29047.6 27075.6
39814.6 25197
2507.57 37007.2
20042.1 35837.2
41741.4 1160.46
49468.4 21157.7
26479.6 36360.6
38402.9 5408.11
21019.8 35371.6
11988.4 33600
31732.8 32892.6
40737.5 3467.58
16903.1 32209.3
27350 33329.3
24638.5 30712.5
17982.6 46917.3
3850.77 32802.6
41163.1 11844.3
4986.79 3514.43
26416.8 13719
13366.7 1573.3
20880.7 34780.2
49817.8 13531.9
35227.1 28503
3158.35 31280.3
15348.7 11756.1
44831.4 29322.8
31303.4 21266.1
26147 25926.6
32814.7 18467.2
22514.9 19824.1
24990.9 34032.9
670.884 33682.7
45265.3 15588.7
20248 17068.8
4205.72 37120.6
32583.7 25794.9
37128.6 26835.5
3615.82 1280.93
48375.6 38522.5
31228.4 32292.7
29384.8 41282.4
17225.1 2527.42
18292.8 13449.9
15553.4 1947.44
37447.5 27067.4
13559.7 33210.1
33866.1 23622.5
18247.6 10402
43543.4 3414.47
24972.6 16760.5
10014.3 3274.95
43433.5 48989.7
12897 34953
25947.9 28313.8
24823.5 26558.5
6976.48 31876.1
32789.1 10398.1
24121.5 1105.87
33349.8 41399.9
30143.5 20196.3
31884.8 17972.6
44237.7 26754.5
30019.1 41966.9
9071.29 31065.9
31951.9 49422.3
26725.1 34320.7
30942.8 30205.2
35712.9 23633.8
29368.9 37179.8
34668.2 23558.3
40672.8 30438.9
42515.2 25474.8
23903.6 17331.4
1181.19 36623.6
22916.5 19579.4
41339.1 2714.35
24121.4 16403.4
