29499.2 40893
3945.99 18644.9
41017.4 27611.6
28874.9 7825.76
34967.1 23107.9
25006.3 48904.2
13173.4 36916.4
33367.5 24275.1
9064.49 48512.6
27023.1 4024.88
20168.6 19620.8
18283.9 19828.2
164.004 33620.8
3942.46 45460.7
27858.6 8707.85
47870.1 16754.4
37203.3 21140
25617.4 6106.58
2559.9 22854.9
3860.46 36834.5
38509.1 14007.6
47469.2 29621.4
14688.7 47172.1
39657.5 28509.3
45930.6 16322.8
220.608 16605.4
38403.1 20349.1
32709.2 8762.85
27929.2 24896.5
43013.2 10173.7
38466.2 638.963
23640 263.061
47694.6 28929.6
6050.4 21897
4674.8 14643.7
9521.66 17519.5
3573.25 159.763
41309.2 41729.6
46881 20990.5
29163.9 10056.1
44137 37470.9
41889.6 6775.99
12972.7 36895.3
3455.97 35400.1
31093.9 7019.84
49398.6 33975.2
48762.3 20661.9
43412.5 22309.9
11570.3 16503.1
41836.2 13760.5
21892.9 21368.8
49800 24216.4
10303 17581.5
44720.7 24629.8
38770.5 48013.5
44065.3 29735
11247.4 12766.2
15497.7 27827.4
40417.4 17904
29949.5 17029
31760.8 116.43
40569.5 41073.5
8002.9 8805.61
26285.2 7330.42
42506 6573.78
2037.78 44829.9
22325.6 26398.3
4723.28 2677.08
1746.51 43589.3
42116.1 18219.5
20363.3 5188.66
34738 30491.6
12302.2 35882
42595.6 31031.1
29708.9 10419.1
49992.7 44736
39219.7 33746.9
10438.1 18383.2
35775.9 18132.9
35058.3 38107.8
14222.5 7137.97
25690.6 48882
13520.2 4770.13
4662.3 13892.1
18078.6 29138.7
25181.5 9631.72
4959.84 5619.21
11498.5 35726.5
46123.9 49502.1
1421.37 46362.1
43835.2 16108
9028.28 29779.7
34615.4 43107.7
19123.6 43161.4
33099.5 36474.3
45425.5 30748.7
10127 38523.9
18250.5 12281.6
11479 9161.16
36448.8 834.656
9861.8 1318.72
3063.49 10106.5
33022.8 34521.4
20152 27405.5
31169.9 49506.1
18365.4 49869.8
14851.2 14599
40874.1 42832.8
34623.6 35266.7
2184.07 34093.1
34052.5 27028.6
15724.9 29656.2
12832.3 35601
23460.4 31453.7
9922.6 44696.4
17497.7 30136.2
2787.61 20504.6
7606.86 14631.3
20572.9 18821.4
49353.7 790.345
1727.17 7634.21
27826.2 11225.8
30309.3 41865.8
18435 608.774
5563.87 44275.5
37755.6 20405.1
37340.5 5542.12
