173.161 15974.6
14442.3 862.314
25900.3 32455.2
4362.95 34800
7902.03 217.843
18240.9 17822.3
13180.4 20442.3
12170.8 5253.06
48800.8 8658.69
38773.9 24648.3
46935.3 6068.94
29794.3 45372.4
3533.14 4620.88
34404.6 43245.8
499.997 32213.1
30302.7 39577.5
38803.6 19543.6
21276.9 35378.8
45768.9 11526.8
43794.8 49880.2
48324.1 4224.75
17968.9 30148.2
23810.8 18004.5
14764 3356.59
23833 13519.7
26384.8 33479
15260.8 5630.25
28656.4 33186.3
2082.39 19435
21101.4 29416.4
7455.21 467.763
28291.7 44223.8
16643.1 18671.2
29656.3 6828.93
35262.5 42489.4
27420.5 47740.7
18907 13687.2
27083.8 37987.9
46302.8 26288.3
14994.3 20763.1
37747.3 23626.2
10016.1 13256.9
34066 28629.7
22010.1 43754.9
26430.2 17023.8
25518.2 17466.5
32700.8 42807.7
22744.3 14070.6
24929.4 48997.4
40567 43052.7
4920.86 41310.5
27962.5 23528.3
23312.3 18725.7
9978.94 36350.6
17568.9 6210.91
29258.9 24560
8050.8 13411.1
31090 31078.8
1007.66 25456.6
29455 45346.4
956.798 31214.2
15756.4 15258.7
3449.11 7839.1
46201.3 5356.68
2767.51 29887.1
20579.5 1978.01
1464.33 42589
11965.7 35036.9
34963.4 25479.1
8359.15 32339.9
48123 25612.5
30381.7 29801.4
25340.6 30359.2
32064.1 5383.1
15097.8 6165.23
26222.4 15910.9
39078.4 25111.8
29456.9 26891.4
5901.35 22735.8
44775 24947.6
3585.95 34233.4
24517.2 6839.57
41311.1 6562.01
22628.4 30748.1
46467.2 33555.2
1135.08 27376.9
32994.6 13845.7
2051.82 18824.2
45084.3 5621.04
23113.6 32762.5
17183.9 27418.3
49813 30461.9
2957.66 5889.38
11007 4183.62
8509.67 49997.9
19522.1 13915.2
22009.4 36465
43360.6 1832.35
30761.6 21452.2
20001.7 10614
34373.8 49136.3
5052.21 6600.69
23701.7 21216.4
27935.9 2366.96
12304.8 7548.89
21774.8 37982.9
1428.4 28325.4
11996.8 33225
44890 27166.2
34572.8 27113.5
30148.9 1228.2
32412 39805.1
43817.3 6071.13
26326.5 25434.7
49775.8 26868.6
25233.5 15034.4
10130.8 12544.6
30860.9 25228.3
10550.4 48225
23152.9 12773.8
9441.61 35492.9
2890.66 17653
34106.3 42501
30503.3 11066.2
33394 45282.3
21796.4 27980.4
4374.72 30370.6
46801.1 3163.6
30293.4 21957.7
19228.5 999.742
23698.7 21647.3
17931.1 11284.5
6359.33 14483.9
5316.25 10864.2
26910.6 18938
47343.3 12029.6
17789 3023.18
48353.4 6747.22
37331.9 25786.3
29339.7 28396.5
8538.49 19186.9
34553.2 23997.5
10783.1 16684.8
15138.8 10178.4
22513.8 29895
41974 22376.4
12890.1 11428.2
25351 30878.6
46831.8 3235.79
24535.7 49093.2
20178.5 27481
36908.3 11386
22222.5 43043
859.355 31434.1
29944.4 34375.9
19184.4 44515.9
31685.2 30509.2
16358.4 6278.14
34464.6 36738.2
35258.9 43912.9
37808.8 4216.29
20931.2 40612.2
3392.21 596.889
23069.3 31418.3
26484.6 16356.7
2998.18 27926.4
8210.71 21375.3
26416.5 24672.4
28463 29558.3
22796.1 28607.1
34715 31557.6
10798.6 35243.4
35122.7 10379.8
30063.7 9830.84
15411 25361.7
41817.6 12270.6
20782.6 30819.7
2831.39 38749.4
1266.58 32924
25274.2 33789.1
16565.2 1535.83
22562.8 32741.1
26189.2 39997.5
31913.1 24213.8
37825 30996.2
49912.1 22601.5
39927 24752.9
17128.4 26791
44503 2675.02
20281.7 29404.2
28973.3 21537.2
36291.5 8601.98
24362.6 25339.5
28126.1 16413.7
30957.2 49324.7
40909.2 2389.65
22874.4 25432.4
16263.3 5934.29
14082.8 37805.8
39323.5 48550.8
13231.9 37997.8
21581.8 28812.6
48743.7 26633.8
10424.4 14894.5
47618.8 9524.28
42616.6 23868.1
24362.5 45276.4
31157.1 35499.6
48860.3 24181.8
12910.3 29072.4
33667.6 14721.1
18960.8 34246.5
25246.9 17727.4
9612.37 39748.8
12679.3 4321.4
42175.6 2046.58
30594.1 46392.4
48224.1 27863.7
44191.7 9946.79
30706.6 14623.3
18193.3 32801.2
16331 11947.4
2596.56 21751.2
38011.3 16685.8
43026.4 49876.4
36035.3 24726.2
22732.9 32955.6
29707.8 19160.4
21174.3 33517.3
21293 40092.5
24877.7 9501.76
27566.3 49989.5
36779.4 46.1841
48380.4 24593.6
1478.63 33046.1
1155.6 2524.1
36496.5 30593
27072.5 42706.7
5824.86 35591.8
5297.4 10615.1
48102.9 37526.3
31022.2 8747.05
377.553 14196.2
17115.6 11120.7
46710.1 30826
26111.6 20626.6
24885.1 15243.6
1834.37 22403.5
33068.5 27218.4
7906.16 106.409
42292.9 8549.02
24835.5 15313.4
33164.7 530.607
27841.7 35128
23471.6 8895.55
47602.5 9489.67
35867.9 28514.3
48124.8 1214.54
8260.59 35474.7
44623.9 3167.12
17155.5 34627.8
8849.42 49242.8
30058.8 49902.9
11022.1 36113.1
49771 7587.98
24884.1 36827.6
14413.6 39759.9
40413.9 27255.2
20923.7 27746.3
21283.8 14161.5
8444.19 7009.41
49646.3 1747.37
14655.8 7413.66
17909.3 22079.4
26207.8 15338
18116.1 29464.7
25068.6 45037.4
21450 23327.7
44405.1 7274.48
26346.3 22540.3
153.305 47076.3
15317.1 16635.9
47277 26774.1
31941.5 5074.23
6375.19 36981.8
8984.83 2552.78
26483.6 32363.9
10477.7 9792.03
13901 14294.6
24216.4 7147.09
7486.53 2419.62
42637.3 6500.29
49174.4 11703
11493.2 29442.8
44952.6 2537.92
31010.9 37180.8
24709 1421.94
49667.8 30781.3
3444.74 38252.1
29228.6 31730.5
6378.1 26224.3
17916.8 21614.4
28548 14181.8
8248.69 8365.77
18636.8 33790.9
5492.61 5516.38
30242.9 31992.2
41249 4243.69
18921.7 12886.9
33806.6 23760.8
33290.1 1451
34237.1 45634
39197.6 24165.1
42626.4 23662.6
31448.1 30904.1
33716.2 30417.5
33714 33354.7
33908.4 47439.1
34349.7 14282.6
46990 27951.3
26134.2 30728.8
12140.3 36880.8
28923.8 33447.5
4659.93 4738.01
288.521 38735.1
9334.99 6435.92
21265 34327.7
30923.8 49014.1
27791.7 30202
102.331 29731.2
15914.3 41490.4
34858.1 24512.1
25819.3 26102.5
8771.61 297.694
39068.3 44314.2
47122.7 5660.88
3334.8 21427.5
7608.3 3533.58
49428.1 4920.81
45882.1 9242.52
40227.3 29019.3
41641.6 23506.5
2215.4 9091.65
11286.9 19647.3
30928 42173.5
40000.5 24783.8
18883.7 410.042
21399.8 23782
28338.5 18726
28113.3 31670
43427.4 4787.49
24879.6 20722.7
13174.3 2009.61
43285.4 40082.7
18352.4 2149.84
49135.3 34675.6
32361.2 21921.4
8261.67 639.756
9415.36 48110.2
28167.5 32841.3
15637.5 21624.2
43101.9 23150.6
11340.4 32165.2
35086 21749.6
23669.1 16474.8
48522 4161.74
28036.8 16901.5
24098.2 38400
46806.7 329.184
31256.8 37435.1
28994.7 26914.7
42878.4 2561.72
31429.8 29890.4
27723.7 21022.2
9790.45 49631.2
5852.24 46055.9
42663.5 24997.4
36438.9 15940.5
13986.4 7213.41
23865.1 11492.3
49724.2 493.704
2460.03 34810.9
26673.7 24783.2
34075.4 28248.6
8944.32 37911.8
23412.7 33008.9
42182.9 1395.19
22266.3 39896
32096 3835.62
16189.4 39721
18472.6 34053.4
36563.3 37242
46126.2 7102.34
10466.4 33114
31170.6 38587.9
18201.7 31617.2
12745.9 49482
8300.36 36035.4
35320.9 14693.8
5313.25 1401.75
26071.8 17001
12237.9 7974.55
14573.8 36352.7
34773.7 34987.2
2014.83 25900.5
12913.7 17782.8
49124.9 28355.4
29237.8 17381.1
21968.9 20947.3
28636.6 13487.9
17028.3 20207.8
30620.1 30782.9
6059.63 30048
18208.2 17892.9
1469.9 38965.9
34375.3 32043.1
30821.7 25263
10017.1 152.213
46366.9 44704.3
28089.9 31272.9
33386.6 46404.5
17521.8 2813.65
18292.8 18949.9
16000.8 2952.34
38576.2 33468.7
19006.2 33975.6
30045.5 18363.9
11940.6 8829.48
39186.3 4026.83
22907 12875.5
8001.24 290.419
48920.1 48606.1
17727.5 30603.6
28534.1 31873.5
19434.8 30193.3
6749.64 25380
38047.7 14218.7
22240.3 6274.18
30293.3 44565
23647.4 20423.2
28828.3 14807.5
42791 23788.5
29559.2 37591
4886.64 32425.6
29943.2 43240.4
31704.4 30142.6
31169.7 36701.2
37072.5 27818.4
26957.9 32236.4
28730.1 20914.5
34933.7 33490.5
37126.4 29109.6
28088.3 18691.1
6439.8 32803
24082.3 21445.1
35826.7 6158.82
18609.1 12958.9
