387.213 14486.6
15530.8 443.701
25546.9 34118.1
4599.55 36483.4
8313.3 1867.35
19240.1 19197.6
12488.9 21995.4
13804.9 5721.65
48564.2 10342.1
37471.6 23555.5
48631.2 5950.35
31391.7 45953.8
2582.51 6030.24
35780 42246.6
157.953 31054.2
29834.1 37943.4
37666.1 18280.3
22579.1 36471.5
45709.6 13225.8
42315.1 49614.3
46649.9 4519.95
17968.9 28448.2
23574.2 16321.1
16291.9 4101.82
24733.8 12078.1
25203.8 34701.9
15897.7 7206.46
29067.7 31536.8
3765.84 19198.4
21792.9 30969.4
8830.54 1467
27390.9 42782.1
17054.3 20320.7
28433.4 5648.01
35843.9 40891.9
25823.1 47159.3
19375.6 12053.1
28556 38837.9
45666 27864.5
13731 19625.6
38648.1 22184.5
8399.3 13782.2
34864.1 27128.7
21773.5 45438.4
26193.6 15340.3
24295.3 18647.4
32700.8 41107.7
22685 12371.7
23554.1 47998.1
39013.9 43744.1
5557.69 42886.7
26266.6 23409.7
25008.2 18844.3
8344.8 36819.2
18367 4709.9
28212.3 25899.6
6354.94 13529.7
29492.6 31660.2
426.222 23859.1
28191.6 44208.9
222.004 30342.4
16225 16892.8
2109.49 8885.72
45063.8 6620.03
3120.96 31550
22155.7 1341.18
1053.06 44238.5
12964.9 36412.2
33313.9 25890.4
6742.35 31814.5
49823 25612.5
28828.7 29110
24815.2 28742.4
30380.6 5146.51
15334.4 4481.77
27871.9 15499.7
40631.5 25803.2
28234 28072.3
7550.86 22324.6
43302.7 25797.6
1936.45 33822.1
25892.5 7838.81
42985.2 6857.21
20929.4 30688.7
46703.8 31871.7
666.498 25742.7
34678.1 13609.1
361.135 18646.5
44085.1 6996.37
22066.9 34102.1
17361.6 25727.6
49176.2 32038.1
1911.04 7228.99
10425.6 5781.1
6809.67 49997.9
20213.6 12362.1
22068.7 38163.9
44832.9 2682.35
29963.5 22953.2
20120.3 8918.12
34823.8 49672.5
3402.71 7011.95
22005.8 21335
29275.5 3413.59
13255.5 8958.25
20221.8 38674.3
736.951 26772.3
13438.5 34125.9
43797.3 28468.4
35370.9 25612.4
28474.7 1523.41
30777.8 40273.7
45370.3 5379.67
24643 25198.1
48936.5 27815
26326.2 13732.2
10071.5 14243.6
30860.9 23528.3
12126.6 47588.1
24528.2 11774.6
8696.37 37020.9
1515.33 16653.8
35789.7 42264.4
30681 9375.48
34866.2 46132.3
21443 29643.2
5066.17 28817.5
45203.6 3745.03
31992.3 21898.4
20911.9 1236.34
22699.5 20272
16256.9 10989.2
7260.19 13042.2
5611.45 9190.07
26674 17254.5
48566.2 10848.7
19052.3 4160.7
46719.3 7215.8
37857.3 24169.5
28541.6 29897.5
9283.72 17659
33703.2 22525.2
9099.68 16448.2
16138 11553.7
20818 29776.5
43196.9 21195.5
13358.7 13062.3
26985.2 30410
48134.1 4328.53
22959.5 48456.3
18482.6 27599.6
36058.3 12858.2
21424.4 44544
1858.59 30058.8
29146.3 35876.9
20875.1 44693.6
30051.1 30040.6
17733.8 7277.38
35687.5 35557.3
35140.4 42217
38808.1 5591.62
20294.4 42188.4
4655.56 1734.41
21370.4 31477.6
27334.6 14884.5
1658.56 26879.8
6613.23 21956.7
25323.8 23370.1
30146.5 29794.9
21532.8 27469.6
33412.7 32650.4
12351.6 35934.9
35476.1 8716.92
29827.1 8147.38
14510.2 23920.1
41072.4 13798.5
22283.6 30021.6
2362.81 40383.5
1561.78 31249.9
23590.7 34025.7
17940.5 2535.07
23785.6 31560.2
24661.2 39252.2
32208.3 22539.6
38675 32468.4
49852.8 24300.5
40163.6 23069.4
17596.9 25156.8
45805.3 1582.28
18705.5 28767.4
29664.7 19984.2
34763.6 9347.21
23412 23930.1
26684.4 15512.8
30265.7 47771.7
39292.4 1864.32
21175.4 25491.7
16674.5 7583.79
12673.4 38756.4
40997.7 48255.6
13923.4 39550.8
19886 28694
47368.4 27633.1
8923.41 14096.4
47914 11198.5
41925.1 25421.1
25455.2 46578.7
31625.7 37133.7
49605.5 25709.7
11409.3 28274.3
34568.4 16162.8
18324 32670.3
26896.4 18138.7
8565.75 41088.4
14362.8 4558
42812.5 3622.79
29848.8 44864.5
47374.1 29336
45875.2 10183.4
31504.7 13122.3
17668 31184.4
15532.9 10446.4
3288.01 20198.2
44726.4 49876.4
36833.4 26227.3
21032.9 32955.6
29412.6 20834.6
19732.6 32616.5
19990.8 41185.2
24818.3 7802.8
27221.1 48700.8
35079.4 46.1841
47743.6 26169.9
68.0918 32944.2
1566.87 4173.6
37241.8 32120.9
25496.3 43343.6
4129 35710.4
5765.99 8980.93
49700.4 36944.9
30022.9 10122.4
672.755 12522
16370.3 9592.73
47291.5 32423.5
27583.9 19776.6
25062.8 13553
1834.37 20703.5
34115.1 25878.8
9129.03 1287.33
43339.5 9888.64
23836.3 13938.1
34762.2 1112.04
26167.5 35423.2
22673.5 7394.54
47483.9 11185.5
34172 28632.9
49566.5 313.68
8729.17 37108.9
43070.9 2475.67
18854.4 34687.2
7321.47 49988.1
29700.5 48653.2
11972.8 37522.5
49024.3 8789
26533.6 37238.8
15211.7 41260.9
42011.4 26673.7
21449 26129.5
22283 12786.2
7104.57 8056.03
48271 2746.61
15556.7 8855.34
18320.6 23728.9
26207.8 13638
16420.2 29346.1
23766.3 43944.6
19787.2 23681.2
43936.5 8908.62
24729.5 23065.7
1218.89 46273.5
13633.7 16399.4
47336.3 28473.1
30894.9 6413.85
6375.19 38681.8
9885.69 3994.46
25792.1 30810.9
8901.45 9155.2
13102.9 12793.6
23805.2 5497.59
6223.18 1282.09
41084.3 7191.74
13110 29968.1
46216 1400.4
32511.9 37978.9
25659.7 2831.3
49142.5 32398.1
4886.43 37351.2
30919.3 31908.2
6496.69 24528.4
16735.8 22837.3
28843.2 12507.6
7025.81 9546.69
17195.2 34691.8
6901.98 6467.01
31545.2 30899.5
40612.2 5819.91
18123.6 11385.9
32107.7 23820.1
34191 2892.68
35374.6 46897.4
40047.6 22692.9
44317.1 23840.3
30225.2 32085
33597.7 32113.4
32411.7 34447.4
35380.6 48289.1
35877.6 15027.8
45897.2 29253.6
27768.3 30260.3
12608.9 38514.9
30451.7 32702.3
2959.93 4738.01
568.117 38320.6
8384.36 7845.29
22674.3 33377.1
30570.4 47351.3
29454.5 29848.6
793.783 28178.2
17531.1 40965.1
33162.3 24393.6
24681.8 24839.2
10470.6 357.023
38021.7 42974.5
45594.8 6406.11
4381.42 20087.9
6010.82 2952.14
48527.2 6362.49
44981.2 10684.2
41450.2 30200.2
43275.7 23037.9
639.183 9728.48
9612.75 19942.5
32191.4 43311
38499.5 25581.9
20223.3 1456.67
20097.5 22689.2
30029.2 18903.7
28963.3 30197.7
41753.2 4492.29
26563 20486.1
14220.9 669.993
44660.7 41081.9
20026.6 2445.04
49842.3 33832.9
30808.1 22612.9
9960.63 580.427
7943.12 47260.2
27930.9 34524.8
14040 22205.7
42251.9 21678.3
9656.9 31928.6
33558.1 21004.3
23550.5 14778.9
46859.2 4515.19
26564.5 16051.5
25400.5 39492.7
48182.1 1328.42
30511.5 38963
27692.5 28007.4
44015.9 3825.06
32175 31418.4
28018.9 19348
8090.45 49631.2
4202.74 46467.2
41066 25578.8
37184.2 14412.6
15079.1 8515.68
22818.5 10152.7
49826 1904.24
1018.35 35711.8
25450.9 23602.3
32574.4 29046.7
10627.8 38148.4
24715 31916.1
43683.9 2193.29
20964 40988.7
30446.5 3424.35
14926 40858.5
20168.5 34172
37826.6 38379.5
47535.6 8052.97
8782.94 33350.6
32169.8 39963.2
16518.3 31853.8
11845.1 48040.3
9675.69 37034.7
33793 15439
5372.58 3100.71
25894.1 18691.6
11942.7 9648.72
12924.3 36764
34655.1 36683
1661.38 24237.7
12276.9 19359
47475.4 28766.6
28439.7 15880.1
20876.2 19645
27543.9 12185.7
15332.5 20326.3
32092.3 29932.9
7468.99 29097.3
16632 18529.7
60.5331 39916.6
34843.9 33677.2
29172.2 24851.8
10943.8 801.141
45841.6 46321.1
26473.1 30747.6
34433.2 47744.1
18422.7 4255.33
18292.8 20649.9
16692.2 4505.36
38871.4 35142.8
20689.6 34212.2
29046.2 16988.6
10291.1 8418.22
37502.8 4263.43
22108.9 11374.5
8951.87 1699.78
49959.5 49134.9
18990.8 29466.1
29533.4 33248.8
18025.4 31143.9
6690.31 23681
21658.9 7871.66
29112.4 45787.8
21948.5 20482.5
27647.4 13584.7
42045.8 22260.5
29381.5 35900.4
3269.84 32950.9
29417.9 41623.6
33006.6 29049.8
31229 38400.2
37597.9 29435.2
26212.6 30708.5
27177.1 20223
33432.7 34288.6
35717.1 30060.2
29705 19216.4
7815.13 31803.7
24983.2 22886.8
34385.1 7059.69
17167.4 12058.1
