25399.2 33791.6
4803.12 26800
32762.9 47803.8
14128.8 46423.6
15841.9 16890.3
1557.73 40437.2
5415.94 10067
48118.8 31711.6
36757.2 10086
23399.3 30815
18348.5 40798
8541.69 21298.6
28360.1 7478.81
29564.6 14252.8
42923.5 21124.2
18724.8 43633.3
37539.3 22409.5
19455 31645.5
27085.9 19004.2
15862.6 43927.2
18472.6 48947.8
38641 18198.2
24373.9 19259.4
386.308 48464.2
22258 846.126
15583.2 26418.9
24182.5 25524.4
1305.22 25500.6
3699.11 45808.3
24523.3 16198.9
49575 24775.2
29600.4 18068.3
14738.5 20815.6
31960.1 17633.8
19523.7 619.707
2952.64 28642.4
17450 33103.9
4096.48 6853.13
21889.5 44638.6
21348.8 30691.1
39319.3 47972.7
12015.5 35977.4
36860.1 40001.6
8862.22 31636.2
37557.6 29342.5
42358.7 6767.46
42420.8 23159.7
4671.2 21329.8
33354.5 41922.9
36811.4 23769.1
10839.1 39931.9
44705.9 22047.6
49533.9 9612.68
7018.72 21190.7
45894.2 17013.9
44618.2 3411.1
37529.1 2128.91
29634 16875.7
2592.3 11292.2
29792.2 25780
11508.2 2680.11
23172.8 44108.1
40479.3 17972.3
42650.3 24120.7
35394.4 8241.87
16605.9 1118.09
41803.7 7199.11
40153.9 17116.2
28959.5 371.173
37316.4 45259.6
14502.4 38814.5
39085.2 2856.46
32020.1 38208.4
46162.5 30215.2
10150.4 28998.4
26393.6 36094.4
12695.6 16348.6
12856.9 25010.6
2214.28 5823.97
15387.9 23286.3
7288.7 26651.2
11498.3 39900
33114.2 41443.4
39389.9 24325.7
23858 49992.8
8181.12 27507
41755.9 19814
2101.97 21258.8
25828.6 17547.2
48482.3 30516.9
47673.2 12374.2
45224.8 14267.1
6338.73 41715.1
7050.61 42770.2
29670 15095.3
43821.3 33062
37205.3 25555.7
45690.5 13059
35337 20886
5288.78 11232.2
42408.2 5580.43
13872.1 19664
42658.4 26815.8
17257 13236.2
23403.3 41389.3
16696.5 9045.42
30697.5 17983.8
36699.9 22924.9
44466.7 42114.9
41821.6 7134.2
44150.9 32680.7
44947.8 30638.1
4836 42578.9
12773.1 40990.6
14007.4 8935.32
39903.6 1063.33
44351.5 37930
43319.4 5161.06
3281.91 12714.6
22875.9 25557.6
21775.1 3679.17
17881.3 7946.35
13237.5 19945
10717 23966.7
45273 15910.3
761.604 7207.86
42401.2 25860.5
21874.1 15605.1
26941 6750.37
45618 47535.2
13699.1 2907.03
41844.8 5360.61
31278.2 25758.5
15674 4632.98
38568.6 14547
7729.34 46175.1
4913.32 31613.1
334.578 10549.8
13145.9 40671.4
48262.9 9769.5
30606 19405.6
22435.6 90.2476
17885.5 23059.2
23464.6 47634
12798.4 14869
18735.4 26450.5
38586.8 363.281
8499.47 39781.5
15909.2 6827.53
47895.3 23325.5
40287.2 30086.3
10337.6 5556.81
16044 21127.4
39441.1 14429
2787.33 3544.3
5907.49 42500.1
49217.5 22319.5
17028 12679.7
29041.8 36390.1
20007.7 33077.5
23465.4 32716.7
11621.5 49974.6
28322.6 25631.4
35961.7 35851
23615.1 4932.18
5843.41 20090.5
8610.77 47263.6
45647.8 27774.9
42278.9 46453.2
31337.4 36007.1
22402.5 11796.8
12698.3 26265.6
25650.4 2090.91
43956 17560.9
35630.3 46287.8
6982.38 3288.3
33286.2 49444.6
12544.2 15543.7
9779.67 30589.9
5921.85 42833.2
6538.62 46451.2
9397.08 28540.7
20318.3 184.749
10358.5 7993.56
46323.5 30322.3
21819.8 10949
16937.4 21018.5
21081.5 16733.1
28903.7 14503.1
47840.3 42146.3
7924.32 32603.2
1110.17 12859.4
18694.8 29292.1
18599.9 39826.5
46431.3 49177.3
7704.83 48670.4
23650.5 15535.2
48356.8 16118.1
10168.8 22737.1
29253.2 44616.3
39738.7 4791.97
39015.4 9474.08
10169.5 21659.5
12799.6 27535.4
8887.55 30019.3
43951.5 40717.5
43339.2 22747.1
25945.6 15631.3
10757.3 49298.2
5599.34 44114.2
10261.5 306.38
48759.9 35164.3
32910.5 35086.9
11632.5 46496.6
24899.5 36474.3
27877 40470.9
21856.8 33836.4
41325.5 37850.1
18322 38237.7
17109.2 4161.41
35859.5 11274.2
5782.77 15059.7
29078.7 4429.3
3400.11 6367.15
4673.91 10025.6
36872.5 27281.2
40603.9 34544.8
17253.3 37470.1
15332.2 20771.6
38123.9 45160.7
48061.6 48490.9
2631.03 6780.81
20043.8 43070.4
30605.9 14426.8
37365.8 30589.5
9155.02 20497.5
47335.7 37784.4
42644.4 36971.6
1720.79 40628.8
26347 29833.2
12834.9 2450.85
11139.5 36454.3
26565 3889.4
20435.2 38672.8
5053.54 40139.2
15661.7 33987.6
15736.9 49616.1
30721.1 15781
9342.6 30993.3
9421.55 25324.4
35657.1 161.512
33624.3 37519.2
34190.1 37256.4
14708.3 18731.3
14880.4 45514.3
4370.76 11450.1
20000.9 10641.4
42116 2033.49
4484.93 5320.18
21532.9 32279.9
22777.8 4764.1
25964 48819.8
12992.9 26872
21598.4 6287.94
8836.09 49588
33410.3 13451.2
41190.2 12782.3
