29599.2 41066.2
3925.08 18446
40844.1 27511.6
28682.6 7770.63
34773 23156.3
25159.5 49032.7
13020.2 37044.9
33520.7 24403.6
8898.68 48624.5
27064.7 4220.51
20280.4 19454.9
18140 19689.2
136.17 33818.8
4139.42 45426
27939.9 8525.14
47828.5 16558.8
37388.7 21214.9
25766.1 6240.4
2665.88 22685.3
3661.56 36855.4
38415.2 14184.2
47592.3 29779
14782.6 47348.6
39534.4 28666.9
45824.6 16492.4
54.8009 16493.5
38220.4 20430.5
32591.7 8924.65
27887.6 25092.2
43075 9983.47
38541.1 453.526
23839.9 270.041
47541.4 29058.2
5950.4 21723.8
4479.17 14602.1
9440.31 17336.8
3721.88 25.937
41509 41736.6
47063.7 20909.2
29245.2 9873.44
44031 37640.5
41808.2 6593.28
13134.5 36777.7
3368.3 35220.4
31128.6 6822.88
49199.1 33989.2
48837.2 20847.4
43609.4 22344.6
11723.6 16631.6
41822.3 13960
22088.6 21410.4
49612.1 24284.8
10133.4 17687.5
44916.4 24671.3
38631.5 48157.4
44058.4 29535.2
11085.6 12883.7
15552.9 28019.6
40369 17710
30146.5 17063.8
31819.6 35.5283
40446.4 40915.9
7863.96 8949.48
26379.1 7507.01
42593.6 6753.54
1880.18 44953
22478.8 26526.9
4915.54 2621.96
1938.76 43534.1
41942.9 18119.5
20444.6 5005.95
34877 30347.7
12114.3 35950.4
42757.4 30913.6
29857.6 10552.9
49895.6 44760.2
39412 33691.8
10383 18191
35576.4 18146.9
35044.3 37908.3
14399.1 7231.86
25492.5 48854.2
13354.4 4881.97
4523.37 14036
18106.4 29336.7
25281.5 9458.52
5053.73 5442.62
11325.3 35626.5
45935.9 49570.5
1255.57 46250.2
43952.8 16269.8
9000.45 29977.7
34657 43303.3
19306.3 43080
33299.5 36474.3
45525.5 30575.5
9927.15 38530.8
18278.3 12479.7
11617.9 9017.29
36628.5 746.982
10019.4 1195.59
3260.45 10071.8
32928.9 34697.9
20269.6 27567.3
31000.3 49612
18165.9 49855.9
14990.2 14455.1
40716.5 42956
34428 35225.2
2252.48 33905.2
34240.4 26960.2
15836.7 29490.4
12646.9 35526.1
23650.6 31391.9
9778.73 44557.5
17696.6 30115.3
2625.81 20387
7433.65 14531.3
20586.8 19020.9
49408.8 982.597
1880.38 7505.65
27949.4 11383.4
30415.3 41696.2
18535 781.979
5529.14 44078.5
37861.6 20574.8
37246.6 5365.53
