4672.64 16931
12410.6 3462.75
26856.7 27955.8
3722.76 30244.7
3681.38 1064.05
15537.1 14100.8
15051.4 16240
7748.97 3985.13
49441 4103.46
42297.7 27605.1
42346.5 6389.82
48960.1 21612.1
27726.9 44620
6105.43 807.302
30683.2 45949.6
5055.23 32853.3
31570.6 43999.3
41881.6 22962.1
17753.1 32422
45929.5 6929.6
44907.6 45416.8
47744.9 3819.17
17968.9 33448.2
24423.2 22361.7
10629.5 1340.09
21395.4 17420.8
29580.2 30170
13537.6 1365.2
27543.6 37649.7
1854.9 19971.9
19230.5 25214.1
9882.26 2231.12
30729.3 48124.8
15530.2 14207.9
32821.3 9885.42
33689.2 46811.9
31743.1 49314
18603.8 14744.6
23100.1 35687.9
48026 22023.2
48031.1 18129.1
18412.8 23841.1
35309.6 27527.2
14200.7 11897.2
33033.2 30572.2
22650.3 39199.7
27070.4 21579
28827.2 14271.1
32700.8 47407.7
22904.9 18667.8
27928.4 47591.7
44769.3 41181.7
3197.67 37045.4
32551.3 23849.2
18723.5 18404.8
14400.7 35082.7
15409.3 10272.5
48882.4 20071.9
32091 20935.1
12639.6 13090.2
35412.6 29505.5
2580.95 29779.2
32873.4 48424.4
5260.65 32129
14543.6 11029.1
7073.96 5007.05
49279.3 1938.22
1852.69 25583.3
16314.5 3701.2
2528.79 38319.7
9379.44 31477.2
39232.7 24414.6
11497.6 33359.6
43523 25612.5
34401.3 31591.1
26762 34734
36619.3 6023.3
14457.6 10720.5
21759.1 17023.8
34876.1 23240.8
32765.9 23696
1437.99 23848.7
48758.7 22647.6
7855.25 35297.9
20795.7 4135.76
36781 5763.23
25926.4 30863.2
45827 38110.4
2347.89 31606.4
28439.4 14485.9
6626.62 19305
47788.1 1899.57
24468 31028.9
16703.1 31993.1
46161.4 28555.2
5789.71 2264.53
12135.7 1082.64
13109.7 49997.9
17732.5 17934.8
21971 35365.6
40502.8 182.349
32310.9 18538.5
19680.8 15202.8
31417 45612.5
9515.57 5487.84
28290.5 20895.5
24633.6 421.455
9732.55 3735.31
25977.1 36111.9
3299.39 32527.7
8095.79 30787.4
47846.8 23642.4
33023.6 30027.2
34679 429.422
36833.8 38537.2
39615 7942.11
30881.7 26074.9
47475.8 22884.8
23112.3 17562.4
10291.3 7947.42
30860.9 29828.3
6470.76 49873.2
19431.4 15477.6
11370.4 31538.2
6612.14 20356.8
29551.1 43141.2
30273.3 13254.1
29410.2 42982.3
22752.8 23480.9
2585.07 34390.2
49619.8 967.065
29194 21996.1
14673.3 359.546
26402.5 25368.8
22461.2 12083.2
3921.7 18384.9
4517.46 15394.4
27550.8 23493.2
41443.4 27171.7
44034.4 15225.1
14444.8 12.0907
47460.7 6899.16
35910.4 30161.2
31499.3 24334.9
6521.98 23321.4
36753.2 27808
15338.4 17325
12435 6456.91
27102.6 30215.9
38665 25571.8
11622.2 7006.35
20929.2 32146.6
43308 278.963
27437.1 47784.8
24767.3 27160.1
39208.3 7402.24
24382.1 38981.4
1799.81 30139.7
32103.9 30314.3
14609.6 44035.1
34857.4 31418.8
12636.9 3574.33
31155.7 39933.6
35579.8 48501.7
36515.7 2436.45
22654.4 36347.2
321.913 2811.22
27666.5 31257.7
24184.6 20340.5
6623.03 30758.4
12533.3 19802
29244.8 28043
26284.4 29252.1
26065.9 31551.3
38238.8 28600.8
6596.28 33372.5
34166.3 14879.3
30369.8 12009.4
17848.6 29262.8
42782 10293.2
17868.8 32369
4099.33 34327.6
502.526 37257.2
29631.4 33176.7
13484.6 1522.6
19397.7 35797.6
30143.9 41926.3
31114.3 28743.9
35525 27012.5
47793.7 20226.1
39314.6 29110.1
15860.4 31212.8
40979.2 5631.84
24546.7 31127.4
27102.3 25739.5
40426 6585.47
26934.9 29153.1
32027.1 18851.3
34530.6 48500
43001.5 3069.49
27471.6 25271.8
15150.4 1470.93
17896.3 35233.5
34793.4 49349.6
11360.9 33795.4
49279 18514
26170.6 29133.5
48193.9 23325.1
14486 17054.1
46820 4994.17
44487.6 19665.8
21405.6 41752.6
29889.2 31077.8
43347.3 21453.5
46843.8 20047.3
16971.9 31231.9
31230 10820.1
20609.1 38326.1
20783.5 16614.6
12444.4 36124
8124.06 3681.21
42175.6 2046.58
32796.9 49768.4
48971.5 24369.3
39636.5 9306.59
28547.1 18684.8
19614.8 37176.1
18490.6 16009
725.57 25953.5
34640.7 19514.1
38426.4 49876.4
33875.7 20664.7
27332.9 32955.6
30506.6 14630.3
23972.8 35266.1
24816.8 37135.6
25038.2 14099
28236.7 46263.8
41379.4 46.1841
49805.8 20531.8
3673.27 32892.6
283.9 267.966
34480 26458.5
31337.6 40983.5
10413.7 35270.9
4029.47 15036.9
43780.3 39099.6
33726 5025.57
2376.43 16681
18562.2 14086.7
45136.8 26503.5
23253.7 22276.6
24425.2 19619.5
1834.37 27003.5
30236.4 30843.3
4916.66 3058.17
39460.8 4924.17
27539.3 19034.9
34480.3 1009.44
30008.2 34746
25537.3 12780.5
47923.4 4900.88
38062.5 28360.9
46259.1 2380.36
7047.78 31245.2
46633.7 4061.94
12758.1 34474.3
12983.9 47226.3
28790.9 45481.1
8449.85 32299.5
46247.2 4631.16
20614.8 35763.1
12347.9 35874.9
36091.3 28828.5
19502.2 32121.2
18580 17883
11044.6 4977.72
46733.9 3863.4
12324.2 3682.25
16796.5 17616.1
26207.8 19738
22704.9 29785.5
28592.4 47994.2
25949.5 22371.3
45673 2852.67
30721.2 21118.8
1098.81 48954.1
19872.4 17276.1
47116.5 22176.9
34773.6 1449.38
6375.19 32581.8
7893.17 994.476
28354.6 36566.2
14557.3 11440.3
16060.6 18356.2
25329.3 11610.5
10756.4 5363.79
46839.6 4629.3
49655.3 7128.2
7308.53 28083.1
42500.3 4746.06
26949.3 35021.3
24541.3 1173.22
46522.1 28812.9
391.771 40159.8
42784.2 21513.9
24852.7 31270.6
6057.22 30813
21112.2 18305.4
27749.2 18711.9
11413.8 5309.27
21435.4 32042.2
2756.79 3671.04
28557.6 33406.3
42485.2 1183.99
21081.2 16948.5
38403.8 23600.2
33820 2299.05
45502.5 22823.9
31159.1 42215.6
36897.6 28148.8
41532.4 23547.6
34757.1 27708.6
34037.1 25828.7
37237.8 30397.8
29924.7 45139.1
30215.2 12266.1
49946.8 24427.5
22962 31638.4
10927.5 32651.2
24789.3 35464
9259.93 4738.01
2860.81 34921.5
11907.3 2622.35
18529.1 36173
30424.9 46666.6
23292.2 31158.4
3949.23 31662.9
11729.7 42850.1
39446.9 24833
28897.3 29521
4174.41 137.156
41900.4 47939
49012.4 4516.7
502.757 25052.3
9675.62 4286.02
46989.8 2218.05
48319.7 5341.5
36918.3 25823.9
38469.4 24416.1
6480.44 7368.46
15817 18848.5
27509.5 39095.5
44062 22624.2
16133 2956.29
24770.4 26610.2
23763.7 18245.2
25813.3 35653.7
47957.5 5586.27
20324.3 21362.9
10342.3 5634.46
40615.7 38143
13822.3 1351.06
46178.4 38199.4
36563.5 20050.4
4963.68 754.924
13019.7 49267.3
28807.7 28286.1
18738.5 20495.6
45401.9 27134.3
15895.6 32805.4
39220.5 23766.1
23899.3 19766.7
47383.7 4097
32020.5 19201.5
20574.4 35443.1
44051.1 3271.36
33273.3 33300.6
32518.5 23957.8
39785.9 771.07
47283.6 22110.7
29501 25935.7
26924.9 25552.3
14390.5 49631.2
48066.6 22062.5
10315.6 44943.1
46986.1 23424.1
34992.3 18906.5
11029.6 3689.6
25896.8 14092.8
45135.4 172.824
6361.05 32373.3
29047.6 27075.6
38137 26089
4389.08 37271.6
20042.1 35837.2
40946.8 737.931
49402.1 19258.8
25790.1 36939.1
36559.4 4948.46
19607.8 36643
13883.8 33732.6
33144.8 34164
42312.6 4530.05
15021.6 32473.8
28466.8 34866.4
22757 30977
16371.3 47924.1
4578.89 33331.6
39455.4 12677.2
4955.38 2614.97
26416.8 13719
13036.7 3444.43
19037.1 35239.9
49767.8 13618.5
35094.5 30398.4
2971.23 30400
14636.9 13517.8
46674.9 28863.2
31303.4 21266.1
24925.7 24471.1
31593.4 17011.7
21617.1 19886.9
26636.4 33082.9
2246.06 32620.3
20248 17068.8
4205.72 37120.6
33107.4 27621.3
35285.1 26375.9
5486.96 950.995
47788.4 40329.5
31228.4 32292.7
30554.6 42779.7
16218.2 916.127
18292.8 14349.9
15187.3 1125.24
37777.4 28938.6
14450.9 33335.4
32749.3 22085.4
16404 9942.33
43543.4 3414.47
24972.6 16760.5
10014.3 3274.95
44331.3 48927
14309 33681.6
25947.9 28313.8
23248.4 27621
6910.17 29977.2
34326.3 11514.8
23813.6 1951.6
33349.8 41399.9
28244.6 20262.6
31884.8 17972.6
44237.7 26754.5
30019.1 41966.9
9071.29 31065.9
31364.7 47615.2
28180.6 33099.4
31009.1 32104
35712.9 23633.8
28974.4 36370.9
32932.5 22785.5
38995.2 31330.9
40940 26537.3
23903.6 17331.4
2718.32 35506.8
22916.5 19579.4
39727.8 3721.2
22510.1 15396.6
