7215.82 17471.6
12410.6 3462.75
36410.4 34653.1
27043.8 27075.4
46582.2 16922.8
3597.5 29353.5
2808.11 1281.78
14008.8 11997.4
16108.9 13864.8
5249.69 3268.48
49719.3 2122.92
43829.8 28890.7
41448.7 6452.6
48960.1 21612.1
27726.9 44620
6608.7 61.1684
29955.1 46478.6
7035.77 33131.7
32287.3 46498.6
43621.3 24894.3
17063.6 31843.5
46020.2 4331.18
45536.6 42894
46858.5 3975.45
17968.9 33448.2
24423.2 22361.7
8292.64 200.322
20017.6 19625.7
31386.3 28299.7
13200.5 530.737
49995 17486.2
27325.8 38522.9
4429.59 19610.1
18172.9 22838.9
11985.7 3759.36
31789.2 49820.9
15312.5 13334.6
32821.3 9885.42
32799.9 49255.1
33793.5 49528.2
18603.8 14744.6
20848.4 34387.9
48775.2 20168.9
47759.4 20714.8
20345 25580.9
33931.8 29732.1
14200.7 11897.2
33033.2 30572.2
23012.2 36625
27432.2 24153.7
30697.5 12465
32700.8 49407.7
45034.3 18709.3
22995.6 21266.2
29456.6 45488.2
47144.5 40124.2
2223.69 34634.8
35144.9 24030.5
17825.7 18342.1
16323.3 34531.4
14470.4 12038.4
47281.6 22120.8
32645 20225.9
15233.3 12908.8
37855.8 28616.2
2888.77 30624.9
34359.7 49762.7
5260.65 32129
14543.6 11029.1
8649.98 3775.73
49881.5 1269.39
1852.69 25583.3
13903.8 4675.17
2528.79 38319.7
9379.44 31477.2
39232.7 24414.6
11497.6 33359.6
41523 25612.5
34401.3 31591.1
27565.5 37206.8
39194 6385.15
14332.3 11611.7
19818.5 17507.6
32500.9 22183.3
34204.6 22306.6
564.728 24066.4
49105.1 22447.6
7855.25 35297.9
18692.2 2607.52
34220.5 5311.74
25926.4 30863.2
45465.1 40685.1
2347.89 31606.4
27548.1 14611.2
9212.38 19576.8
48317.1 1171.45
24468 31028.9
16431.3 34578.9
44307 27805.9
7021.03 688.504
12135.7 1082.64
15709.7 49997.9
17732.5 17934.8
21971 35365.6
40502.8 182.349
32310.9 18538.5
19541.3 17197.9
30131.4 44080.4
10388.8 5270.12
30285.6 20756
24633.6 421.455
8278.65 1579.81
28352.3 35054.4
4356.91 34902.9
46832.5 17065.9
6399.7 29727.6
49132.4 22110.3
33023.6 30027.2
35565.3 273.139
39333 37820.5
37787.9 8755.59
33456.4 26436.7
47025.8 22105.4
23112.3 17562.4
10382.1 5349
30860.9 31828.3
6470.76 49873.2
44895.9 31346.1
18703.3 16006.6
11370.4 31538.2
7340.25 20885.9
28659.8 43266.5
30273.3 13254.1
28630.8 42532.3
23168.6 21524.6
2585.07 34390.2
49312 121.342
29194 21996.1
13782 234.29
27578.1 26986.8
25021.7 12534.7
2543.91 20589.8
4065.98 17954.9
27912.7 26067.9
39825.4 25996.1
42164.1 17031.2
12705.1 1944.27
45538.2 7450.44
35292.4 32063.3
31921.8 23540.3
5382.22 25658.2
36753.2 27808
17913.1 17686.9
10906.7 4353.47
29696.3 30397.3
38017.6 26197
11070.9 5083.83
18430 32863.2
41651.7 1630.54
28186.3 45930.4
26762.4 27020.6
40508.3 5150.57
25602.7 36685.8
2975.38 28521.7
33324.6 28018.7
12620.5 43826
34857.4 31418.8
10533.5 2046.09
29285.4 41739.7
36682 49928.3
36515.7 2436.45
23628.4 33936.5
1392.52 1622.19
30264.9 31167
23184.6 22072.5
8671.86 32359.2
14976.5 18912.7
29244.8 28043
46030.3 16072.2
26284.4 29252.1
26065.9 31551.3
39770.8 27315.2
5774.09 33006.4
33625.7 17422.4
30369.8 12009.4
19226.4 31467.7
42782 10293.2
17868.8 32369
4650.6 32405.1
502.526 37257.2
29631.4 33176.7
13484.6 1522.6
19397.7 35797.6
30143.9 41926.3
30767 30713.5
35075 26233
46894.3 20194.7
39314.6 29110.1
15143.8 33712.1
40289.8 6210.35
25381.2 31464.6
26736.2 26561.7
42762.9 5445.71
27438.2 29899.2
33723.2 19911.2
34530.6 48500
43001.5 3069.49
30070 25181.1
14617.7 160.9
20051.8 33779.6
33907.1 49505.8
10994.9 32973.3
48884.5 19322.9
28764.3 29314.9
46665.6 21221.7
16251.9 17993
46663.8 4107.84
44853.6 18843.6
19734.4 39760.9
29641.1 30212.7
44407.2 23149.6
45704 17710.5
19267.5 32452.6
30170.1 9124
20609.1 38326.1
18842.9 16130.7
14045.1 34075.1
5549.37 3319.36
42924.8 3900.94
33605.9 49373.9
46719.8 23069.3
37655.9 9028.25
27326.4 20980.5
19892.9 38032
19429.5 17774.9
74.7916 27415.2
34640.7 19514.1
36426.4 49876.4
32936.8 18898.8
29932.9 32955.6
30662.9 13744
23972.8 35266.1
26808.6 35464.4
25128.9 16697.4
28205.3 45364.4
43979.4 46.1841
47395.1 19557.9
3673.27 32892.6
283.9 267.966
33340.3 24121.7
33191.9 40234.3
13007.3 35089.6
3312.81 17536.2
42934.6 39407.4
34901.5 3407.54
4936.93 17132.5
49416.3 17691.2
18562.2 14086.7
44829 25657.7
23253.7 22276.6
24425.2 19619.5
1834.37 29003.5
29005.1 32419.3
4916.66 3058.17
38906.7 4214.96
29067.6 21138.4
35326 1317.25
30008.2 34746
25537.3 12780.5
48104.7 2307.21
38062.5 28360.9
46259.1 2380.36
7047.78 31245.2
46633.7 4061.94
12758.1 34474.3
46046.4 16058.3
14781.5 46349.6
28239.6 43558.6
6995.95 30144
44715.1 3345.59
20614.8 35763.1
12347.9 35874.9
33648.1 29717.7
18698.8 34593.9
17404.4 19501
11044.6 4977.72
46005.8 4392.4
12324.2 3682.25
16578.7 16742.8
26207.8 19738
25298.6 29966.9
30124.4 49279.8
28492.7 21830.8
45921.1 1987.54
33193.9 20315.4
285.334 47127
20763.6 17401.4
47046.7 20178.1
35327.6 740.171
6375.19 32581.8
7893.17 994.476
29412.1 38941.4
14557.3 11440.3
16483.1 19150.8
25958.3 14133.2
10756.4 5363.79
47661.8 4263.24
49749.3 6233.13
7308.53 28083.1
42500.3 4746.06
24653.6 33800.6
24541.3 1173.22
44620 28194.9
2596.7 38782
43146.1 24088.6
46838.6 17160.1
24852.7 31270.6
5875.86 33406.7
22501.5 16866.8
27593 19598.2
11413.8 5309.27
21435.4 32042.2
2756.79 3671.04
28557.6 33406.3
42485.2 1183.99
22020.2 18714.4
41002.2 23509.5
34297 3062.29
44689.1 24651
30556.9 41546.7
35897.6 29880.9
41532.4 23547.6
36627.3 25902.5
34218.5 23235.1
39229.5 28726.6
27673 43839.1
27878.3 11126.3
49333.9 23913.2
22962 31638.4
10927.5 32651.2
23980.4 35858.6
11259.9 4738.01
3979.19 33263.5
13361.2 466.852
18529.1 36173
30009 44710.3
20749 31699
6324.45 32720.4
11729.7 42850.1
41442 24972.5
30235.6 31007.3
1575.99 46.4177
43131.7 49515
46675.5 5656.47
10.2282 25682.8
9675.62 4286.02
44784.9 840.257
49697.5 3136.57
35048 24017.8
38469.4 24416.1
8891.12 6394.49
16703.4 18692.3
26023.3 37757.2
46357.7 21403.6
16133 2956.29
24770.4 26610.2
21774.7 18036.1
25363.3 36433.1
48843.9 5742.55
17749.6 21724.8
9788.16 6343.67
40615.7 38143
11261.8 899.573
44507.2 40191.1
38938.7 18992.9
4963.68 754.924
14319.7 47015.7
29169.5 25711.4
18738.5 20495.6
45851.9 27913.7
17876.1 33083.8
41557.3 24905.8
23899.3 19766.7
45427.4 4512.83
34272.1 20501.5
19885 34864.6
42522.8 5374.8
34150 31503
34050.6 22672.3
37853.7 2510.81
44908.4 23168.2
29501 25935.7
26577.6 27521.9
16990.5 49631.2
48066.6 22062.5
12256.2 44459.3
49429.3 22534.8
34992.3 18906.5
10451 3000.16
25896.8 14092.8
43611.1 467.215
7124.3 31896.3
29047.6 27075.6
40432.6 24868.4
2408.55 36993.3
20042.1 35837.2
41741.4 1160.46
49492.9 21857.2
26479.6 36360.6
39082.1 5577.46
21540 34903.2
11888.7 33593
31212.6 32424.2
40157.1 3076.15
17002.2 32195.4
26938.6 32763
25331.7 30615.1
18576.2 46546.3
3850.77 32802.6
41792.3 11537.5
4986.79 3514.43
26416.8 13719
13384 1474.82
21559.9 34610.9
49817.8 13531.9
35275.9 27804.7
3158.35 31280.3
15610.9 11107.1
44152.2 29492.2
31303.4 21266.1
26597 26462.8
33264.7 19003.5
22514.9 19824.1
24384.7 34382.9
90.558 34074.2
45299.5 15494.7
20248 17068.8
4205.72 37120.6
32556.1 25698.7
37807.8 27004.9
2926.46 1402.48
48591.9 37856.7
31228.4 32292.7
28953.8 40730.8
17596 3121.05
18292.8 13449.9
15553.4 1947.44
37430.1 26968.9
13559.7 33210.1
34277.5 24188.8
18926.8 10571.3
43543.4 3414.47
24972.6 16760.5
10014.3 3274.95
43433.5 48989.7
12376.8 35421.4
25947.9 28313.8
25403.9 26167.1
7000.91 32575.6
32222.8 9986.61
24121.5 1105.87
33349.8 41399.9
30843.1 20171.9
31884.8 17972.6
44237.7 26754.5
30019.1 41966.9
9071.29 31065.9
32137.3 49992.9
26188.8 34770.6
30939.3 30105.3
35712.9 23633.8
29368.9 37179.8
34759.5 23598.9
41290.9 30110.3
43095.5 25083.4
23903.6 17331.4
1100.29 36682.4
22916.5 19579.4
41932.7 2343.41
24715.1 16774.4
