25849.2 34571
4709.05 25904.9
47339.3 31261.6
35892.1 9837.91
8091.69 20519.2
42050.2 21341.9
19414.2 44211.8
18765.5 32224
27775.4 19582.7
15116.5 44430.5
752.371 47642
23138.4 659.005
16086.5 25672.7
23535.1 24899.2
1179.97 26391.8
2812.78 45964.5
24889.4 15376.7
49387.9 23894.9
30434.8 18405.4
20192.5 1221.92
2189.4 28165.5
22598.7 45192.7
21161.7 29810.7
11120.5 36071.5
41936.2 7562.12
42974.9 23868.9
37691.7 23956.2
11261.6 40726.5
44151.8 22756.8
49799 10132.1
6272.58 20687.5
45072 17380
37000.1 2857.02
29446.9 17756.1
12399.5 2554.85
40757.4 17116.4
35731.5 7407.41
16637.3 218.643
41225.2 6509.67
31597.6 39003
46852 29636.7
9700.4 28219
11815.3 16161.5
12490.8 24188.4
1612.07 5155.14
14507.6 23099.1
34013.6 41474.8
40212.1 23959.7
2319.7 20385.5
26194.7 16725
48005.4 31280.1
44858.7 13444.9
7066.84 41186.1
6656.08 41961.3
29826.3 14208.9
44719.1 32999.3
46027.7 13893.5
36223.4 21042.2
5978.22 11810.7
42345.4 6478.24
14752.5 19851.1
43504.1 26507.9
16493.8 13713.1
24005.5 40720.5
15801.4 8951.35
37580.3 23112
43841.5 42762.3
44320.1 37030.6
17153.2 8475.36
13485.6 20810.2
58.2044 7280.18
42183.5 24987.2
22760.4 15761.4
27470 6022.25
45063.9 46826
13073.9 3554.43
22858.1 884.9
39305.9 12.5843
7790.26 40335.6
16733.4 21706
1922.19 3792.38
5042.36 42748.2
48438.1 21869.5
17394.1 11857.5
29667 35742.7
19162 33385.3
11008.7 49460.4
36689.8 35322
24284 5534.4
45835 26894.6
43152.2 46235.4
32202.5 35759.1
12450.3 25400.4
25619 2990.36
43058.2 17623.7
35567.5 45390
7777.03 3710.82
32919.5 49898
9201.16 29900.5
19572.2 688.022
9733.31 8640.97
17062.6 21909.7
21531.5 15953.7
1532.7 12064.7
17820.5 39376.5
47277.1 48869.5
7201.55 49416.5
39544.4 10202.2
10044.2 22550.7
10738.4 1069.62
33097.6 35967.2
12454.7 46130.5
25799.5 36474.3
27400.1 41234.1
41775.5 37070.7
17422.6 38269.1
17234.5 5052.65
6407.96 14412.3
29887.6 4034.77
4109.32 5813.05
3787.58 10181.9
36450 28075.8
15861.2 21499.7
37360.7 45637.7
19981 43968.2
9780.22 19850.1
46626.5 38338.5
41764.1 36784.5
875.07 40321
27192.7 29525.3
11642.8 35708.2
19600.7 38335.7
5832.96 39689.2
16517.7 33709.5
15173.8 49767.4
30658.3 14883.1
10237.7 30899.2
8693.43 24795.4
13928.8 18281.3
20063.7 11539.2
42981.1 1785.41
3795.49 5898.68
23331.9 5473.31
26440.9 48056.6
21148.4 5508.52
7949.76 49744.3
33887.2 14214.4
40767.7 11987.6
