25949.2 34744.2
4688.14 25706
47166.1 31161.6
35699.8 9782.79
7991.69 20346
41856.2 21390.3
19567.4 44340.4
18612.3 32352.6
27928.6 19711.3
14950.7 44542.4
833.719 47459.3
23334 617.423
16198.3 25506.9
23391.2 24760.2
1152.13 26589.9
2615.82 45999.3
24970.8 15194
49346.3 23699.2
30620.3 18480.3
20341.1 1355.75
2019.79 28059.5
22756.3 45315.9
21120.1 29615.1
10921.6 36092.4
41842.3 7738.71
43098 24026.5
37887.4 23997.8
11355.5 40903.1
44028.7 22914.4
49693 10301.7
6106.78 20575.6
44889.3 17461.3
36882.5 3018.83
29405.3 17951.7
40819.2 16926.2
35806.5 7221.97
16644.3 18.7649
41096.6 6356.46
31503.7 39179.6
47005.2 29508.1
9600.4 28045.8
11619.6 16119.9
12409.5 24005.7
1478.24 5006.51
34213.5 41481.8
40394.8 23878.3
2368.08 20191.4
26276.1 16542.3
47899.4 31449.7
44777.4 13262.2
7228.65 41068.6
6568.41 41781.6
29861 14012
44918.6 32985.3
46102.6 14078.9
36420.3 21077
6131.43 11939.3
42331.5 6677.75
14948.1 19892.7
43692 26439.5
16324.2 13819.1
24139.3 40571.9
37775.9 23153.6
43702.5 42906.2
44313.1 36830.7
16991.4 8592.91
13540.7 21002.4
42135.1 24793.1
22957.4 15796.1
27587.6 5860.45
44940.7 46668.4
12935 3698.3
22952 1061.49
39393.5 192.343
7632.66 40458.7
16886.6 21834.5
1729.94 3847.5
4850.11 42803.3
48264.9 21769.5
17475.5 11674.8
29806 35598.9
18974 33453.7
36851.6 35204.4
24432.6 5668.22
45876.5 26699
43346.3 46187
32394.8 35703.9
12395.1 25208.2
25612 3190.24
42858.6 17637.7
35553.5 45190.5
7953.62 3804.72
32721.5 49870.1
9072.6 29747.2
19406.4 799.861
9594.38 8784.84
17090.5 22107.8
21631.5 15780.5
1626.59 11888.1
17647.3 39276.5
47465 48801.1
7089.71 49582.3
39662 10364
10016.4 22748.7
10844.4 1239.23
33139.2 36162.9
12637.4 46049.2
25999.5 36474.3
27294.1 41403.8
41875.5 36897.5
17222.7 38276.1
17262.3 5250.71
6546.89 14268.5
30067.3 3947.09
4266.92 5689.92
3590.62 10216.6
36356.1 28252.4
15978.8 21661.5
37191 45743.6
19967.1 44167.7
9919.15 19706.3
46468.9 38461.6
41568.4 36742.9
687.131 40252.6
27380.7 29456.9
11754.6 35542.4
19415.3 38260.7
16707.9 33647.7
15029.9 49628.5
30644.4 14683.6
10436.6 30878.3
8531.63 24677.9
13755.6 18181.3
20077.6 11738.7
43173.4 1730.29
3642.28 6027.24
23455 5630.91
26546.9 47887
21048.4 5335.31
7752.8 49779
33993.2 14384
40673.8 11811.1
