27999.2 38294.9
4259.57 21628.5
43615.4 29111.6
31758.6 8652.67
37878 22382.2
22708.2 46975.8
15471.5 34988
31069.4 22346.7
11551.6 46835
26399.3 1090.44
18491 22107.9
20441.9 21912.2
581.524 30650
988.035 45981.7
26638.4 11448.5
48493.9 19688.8
34421.7 20016.2
9567.03 21359.1
23388 4099.19
970.143 25399
6844.03 36520.9
39917.5 11358.8
45622.2 27257.3
13280.3 44523.2
41504.5 26145.2
47520.3 13778.7
2707.72 18282.9
41143.7 19128.9
34472.6 6335.8
28552.9 21962.1
42086.2 13026.9
37342.3 3420.51
20641.9 158.363
49992.8 27001.2
7550.4 24495.1
7609.24 15267.4
10741.9 20260.1
1343.81 2167.15
38311 41624.9
44140.4 22210.7
27943.7 12796.8
45726.7 34926.7
43109.8 9516.62
10545.6 38658.6
4771.08 38096.5
30572.9 9974.26
49008.6 32699.3
47638.5 17880.4
40458 21788.9
9272.21 14574.7
42045.5 10767.8
18958.5 20745.1
47544.8 25037.2
12847.2 15991.7
41786.3 24006
40854.4 45855.5
47227.3 25964.3
34732.1 1606.87
44170 32733.2
13674.4 11002.8
14670.8 24943.6
41143.2 20814.9
26995.1 16508.1
29997.5 2543.48
42416.5 43437.5
10086.9 6647.59
31456.2 30855.4
4084.31 8442.83
24876.8 4681.58
41190.9 3877.4
4401.81 42982.9
20027.4 24469.9
1839.5 3504
908.934 43933.5
44714.2 19719.5
19143.1 7929.3
32654 32649.6
15121.3 34856
40168.6 32794.5
27479.5 8411.66
47324.5 45195.2
36335.9 34573.8
11265 21267
38768.6 17923.7
35267.5 41100.5
11573.7 5729.55
28661.4 49299.5
16007.3 3092.55
6746.28 11734.1
17661.1 26167.9
23681.5 12229.8
3551.42 8268.05
14096.6 37226.5
48942.9 48476
3908.49 48039.6
42071.9 13681
9445.8 26808.8
33991.7 40173.3
16383 44381.6
30099.5 36474.3
43925.5 33346.7
13125.2 38419.2
17832.9 9310.81
32803.1 15481.1
9394.99 11319.2
33752.4 2149.77
7497.77 3165.71
109.066 10627.4
34431.2 31872.5
18388.7 24978.5
33714 47916.3
19681.1 48257.7
28005.9 18930.2
12767.2 16757
43238.1 40985.8
37558 35890.5
1158.01 36912.2
31233.4 28054.6
14047.3 32143.3
15613.8 36724.9
20607.2 32380.8
12080.6 46780.4
14514.1 30449.8
5214.66 22268
10204.9 16131.3
20363.6 15828.7
47114.5 600.174
501.5 8662.67
25979.2 8861.76
28719.6 44410
18998.4 1784.61
6084.82 47229.9
36165.9 17861
38748.9 8190.97
