2325.09 16432
13087.8 2595.94
26357.7 30303.3
4056.77 32621.4
6010.09 483.436
16947.8 16042.5
14075.2 18432.5
10056 4646.66
49107 6480.1
40459.2 26062.4
44740.7 6222.4
27726.9 44620
4763.36 2796.99
32624.8 44538.9
2678.59 32519.3
30909.1 41692.3
40275.7 21178.6
19591.6 33964.7
45845.7 9328.13
44327 47745.5
49928.8 3535.63
17968.9 32348.2
24117 20183.1
12786.6 2392.18
22667.2 15385.4
27913 31896.4
14436.7 3590.44
28124.2 35321
2.82624 19727.3
20206.6 27406.6
7940.62 820.434
29457.5 46089.5
16110.8 16536.6
31238.8 8357.17
34510 44556.7
29487.9 48493.2
18603.8 14744.6
25178.5 36887.9
47126.9 24248.5
16629.2 22235.2
36581.4 25491.9
12108.4 12577.1
33033.2 30572.2
22316.3 41576.3
26736.3 19202.4
27100.8 15938.2
32700.8 45007.7
22821.1 16269.3
26517.7 49533.3
42576.8 42157.8
4096.72 39270.7
30157.1 23681.8
21117.7 18572.3
12093.7 35744.2
16536 8153.4
30613.4 22826.3
10245.4 13257.6
33157.4 30326.3
1760.1 27523.9
31089.9 46818.5
3108.72 31671.6
15150 13143.9
5182.73 6484.64
47673.4 3721.76
2310.1 27735.2
18539.7 2802.14
1996.56 40454.3
10672.6 33257
37098 24946.9
10451.5 33019.7
45923 25612.5
32391.5 30696.2
26020.4 32451.5
34242.7 5689.28
14791.6 8343.82
24087.8 16443.2
37068.6 24217
31039.5 25363.1
3766.7 23268.1
46680.2 23847.6
5720.6 34765.6
22737.3 5546.45
39144.5 6179.98
24827.1 30824.8
46161 35733.8
1741.48 29491.6
30816 14151.9
4239.77 19054.1
46377.4 3841.21
24468 31028.9
16954 29606.3
48386.6 29454.2
4312.12 4155.75
11759.5 2116.3
10709.7 49997.9
18627.3 15925
21971 35365.6
41455.4 732.349
31794.5 19509.7
19848.2 12808.6
32959.7 47451
7186.87 6068.46
25896.3 21063
26202.2 1012.51
11074.6 5725
23784.6 37088
2323.22 30335.2
10131.1 32059.2
46304.1 25480.9
33540 29055.9
32315.5 846.178
34526.7 39198.7
41807.5 6965.95
28505.1 25740.9
48675.8 24963.3
23819.3 16719.7
10207.6 10346
30860.9 27428.3
8510.56 49049.1
21373.1 14066.9
10406 33515.6
4670.5 18946.2
31927.7 42807.2
30273.3 13254.1
31488.7 44182.3
22253.8 25828.4
3479.9 32380.4
48868.4 2411.15
29194 21996.1
17049.9 693.562
24991.8 23427.2
20097.7 11666.5
5193.51 16349.6
4934.22 13030.8
27216.8 21116.5
45760.8 13557.9
16154.1 1551.09
49767.8 6237.63
36652.1 27878.6
30372.5 26454
7574.07 21164.2
35653.2 25902.7
12961.7 16991
13845.7 8398.55
24708.5 30048.5
40391.4 23904.6
12283.7 9313.38
23236.3 31485
45146.5 1821.65
26575.5 49917.3
22373.1 27327.6
38008.3 9480.7
23255.3 41100.5
389.126 32081.3
30977.2 32433.4
16996.4 44286
33800 31115.6
14578.6 4985.01
32882.1 38266.4
35412.4 46107.5
36515.7 2436.45
21755.4 38572.4
1927.83 1027.67
25268 31341.5
25384.6 18262
4731.81 29280.9
10278 20622.8
27830.6 26357.7
26284.4 29252.1
24431 30079.2
36400.3 30143.5
8788.79 34348.6
34665.3 12531.7
30369.8 12009.4
16576.8 27227.4
42782 10293.2
18840.1 31852.6
3437.8 36634.6
884.552 35090.6
27452.8 33482.9
14785.4 242.707
20980.2 34269.3
28166.5 40961.9
31531.1 26380.4
36725 29090.9
49988.9 20402.9
39620.8 26931.5
16522 28905.7
42817.7 4089.15
22321.5 30228.4
28078.5 23547
38268.9 7637.56
25592.9 27163.4
29991.8 17579.5
32520.8 49394.8
43001.5 3069.49
25073 25355.6
15731 3799.64
15906.6 36575.5
37156.9 48932.8
12337.1 35988
23776.5 28966.1
49604.6 25266.7
12366.9 15927.3
47236.8 7357.71
43511.4 21858.3
22948.3 43591.1
30550.7 33384.8
42075.5 19418.1
47895.9 22204.4
14852.8 30105.2
32501.8 12855.4
19785 36286.3
23112.2 17195.2
10966.8 38015.2
10500.7 4015.22
41351.5 6.7726
31558.5 48369.8
49324.1 25958.5
42013.1 9640.61
29673.8 16565.8
18873.1 34893.5
17363.9 13889.9
1701.74 23761
36326 18099.9
40826.4 49876.4
35002.4 22783.8
24932.9 32955.6
30089.8 16993.8
23040 34683.1
22978.3 38678.3
24954.4 11700.4
28320.4 48662.4
38979.4 46.1841
49204.5 22553.8
3673.27 32892.6
623.373 389.449
35532.1 28615.6
29112.3 41882.6
8019.5 35438.4
4691 12729.9
46035.6 38278.8
32315.3 6967.21
12.892 16264.3
18080 13098
45957.6 28758.7
24206.4 21726.6
24655.2 17431.6
1834.37 24603.5
31714 28952.1
6444.91 1475.62
40938.4 6815.4
26128.7 17093.3
32225.1 188.587
30008.2 34746
24504.4 10838
47755.9 7295.03
38062.5 28360.9
46259.1 2380.36
7654.18 33359.9
46633.7 4061.94
14956.8 34551.1
10826.8 48278.4
29452.4 47788.1
9791.92 34289.2
48085.7 6173.85
22749.4 36295.3
13380.7 37817.4
38346.6 28007.6
20243.8 29838.7
19990.6 15941.4
10177.8 5654.95
48675.5 2452.71
13490 5547.96
17377.1 19944.8
26207.8 17538
20310.7 29618.1
26753.9 46451.5
23601.9 22870.3
45011.5 5159.7
28438.7 21860.5
1048.13 49086.1
17495.7 16942.1
47200.2 24575.4
33296 3340.61
6375.19 34781.8
7819 687.07
27378.4 34373.7
12517.5 10616.2
14933.8 16237.1
24748.6 9281.74
9121.45 3891.7
44647.1 5605.47
49404.4 9515.06
9400.85 28762.9
43317.7 4010.01
29068.4 36148
23926.2 261.283
48804.7 29554.6
1579.04 39417.9
42450.2 19137.3
27040.7 31500.6
6224.64 28418.9
19445 20031.9
28166 16348.4
9831.24 6837.52
20502.5 32625.1
3668.73 4286.15
28557.6 33406.3
42073.1 2203.89
19954.5 14829.4
36005.3 23684
32548.2 263.732
46478.7 20631.4
32765 43999.1
38097.6 26070.4
41532.4 23547.6
33030.6 29375.8
33869.7 28222.9
35399.3 31940.5
32003.1 46339.1
32372.3 13318.2
48404.1 26266
24019.4 31335.2
11533.9 34766
26946.4 34411.9
6859.93 4738.01
1518.74 36911.2
10565.2 4612.04
19441.1 35557.9
30923.8 49014.1
25639.8 30659.4
1756.72 30686.7
13822 42170.2
37052.8 24665.6
27291.4 27737.4
6572.95 220.915
40422.8 46047.8
49100.1 4696.46
1980.34 23161.1
9675.62 4286.02
49025.2 3489.85
47047.9 7376.81
38644.7 27491
39526.8 24112.9
4255.2 8267.52
13453.5 19265.3
29293.1 40701.4
41943 23750.9
17487.4 1222.66
23085.1 25196.1
26150.6 18496
27013.3 33575.2
45594 5169.51
22701 21028.9
11819.8 3743.24
41505.6 38789.6
16185.8 1767.81
47721.1 36360.9
34371 21026.6
6063.01 716.535
11320.6 49210.2
28473.7 30662.7
17704.8 20871.8
44201.9 25055.8
13518.9 32471.4
37063.4 22714
23822.5 18669.4
49731.3 3598.01
29942 18001.5
22412.9 36985.8
45461.8 1329.72
32221.2 35457.7
30680 25500.5
41406.3 926.8
49476.1 21134.5
30465.4 27913.1
27341.6 23188.8
11990.5 49631.2
47451.4 21150.6
7986.89 45523.7
44730.8 24244.9
35474.5 17917.9
12572.2 5528.11
25219.6 13225.9
47529.5 340.24
4325.74 33645.1
28256.3 26311.5
36017.9 27215.7
6765.73 37605.7
21727.4 34423
40240.4 362.354
23951.6 38481.8
34230.6 4367.85
17824.3 38248.9
16278 33900
34928.3 35769.9
44302.3 5872.11
12645 32807.8
29877.5 36808
20380.3 31311
14336 49195.9
6520.53 34742.3
37298.3 13729.3
4871.62 216.437
26301.8 14813
12620 5807.97
16708.4 35820.5
34927.1 32792.5
2472.24 28052.5
13737.9 15743
49003.6 28282.5
30270.6 19323.6
23383 22632.6
30050.7 15173.2
19223 20054.3
28714.8 31882.9
4235.75 31278.2
20248 17068.8
3293.78 37735.7
33768.9 29928.3
32956.4 25795.3
7850.5 534.239
47046.8 42612
30182.2 31952.8
32032.1 44670.9
16356 947.94
18292.8 16749.9
15106 942.536
38194.2 31302.1
16827.6 33669.4
31338.6 20143.7
14075.3 9361.71
41364.8 3720.65
23939.8 14818
8784.11 1451.07
46725.4 48759.6
16092.5 32075.7
27241 30093.6
21258.7 28963.1
6826.42 27578.7
36267.9 12925.5
22992.8 4206.86
31821.6 42982.4
25846.1 20346.4
30356.6 16390.1
43755.5 25765.8
29789.1 39779
6978.97 31745.7
30623.1 45332.7
30019.1 31556.7
31092.9 34502.6
36392.7 25726.1
27922.3 34213.8
30739.9 21809.3
36876.2 32457.6
38950.3 27879.3
25995.9 18011.2
4659.97 34096.1
22916.5 19579.4
37692.5 4993
20474.8 14124.8
