28699.2 39507.4
4113.23 20236.1
42403 28411.6
30412.9 8266.78
36519.6 22720.8
23780.7 47875.7
14399.1 35887.9
32141.8 23246.6
10391 47617.9
26690.4 2459.85
19273.9 20947.2
19434.8 20939.6
386.681 32036.3
2366.77 45738.6
27207.8 10169.5
48202.8 18319.4
35719.8 20540.7
24428.4 5035.97
1712.03 24211.8
5451.7 36667.3
39260.2 12594.9
46484.1 28360.6
13937.6 45759.3
40642.6 27248.4
46778.5 14965.9
1547.07 17500.1
39864.8 19698.4
33649.7 7468.42
28261.8 23331.5
42518.8 11695.4
37866.8 2122.46
22041 207.222
48920.3 27901.1
6850.4 23282.7
6239.83 14976.4
10172.4 18981.2
2384.22 1230.37
39710.1 41673.8
45419.3 21641.3
28513.1 11517.8
44984.8 36114
42540.3 8237.66
11678.2 37835.7
4157.36 36838.2
30816.1 8595.53
49934.3 33035.6
48162.9 19178.4
41836.8 22032
10344.7 15474.6
41947.8 12164.4
20327.9 21036.2
48860.3 24558.4
11659.9 16733.6
43155.7 24297.1
39881.9 46862.5
44121.2 31334.1
12541.8 11825.7
15056.7 26289.3
40804.5 19456.5
28373.8 16751.2
30820.4 1410.86
41554.6 42334.3
9114.35 7654.67
25534.1 5917.7
41804.6 5135.71
3298.6 43844.8
21099.9 25369.8
3185.27 3118.1
208.487 44030.3
43501.8 19019.5
19712.5 6650.33
33626.6 31642.5
13805.7 35334.8
41301.2 31971.6
28519.9 9348.44
48682.9 44856.5
37681.7 34187.9
10879.1 19921.3
37372 18021.3
35169.9 39703.9
12809.8 6386.81
27275 49104.7
14846.7 3875.42
5773.75 12741.2
17855.9 27554.2
24381.5 11017.4
4208.68 7031.92
12884.2 36526.5
47627.4 48954.9
2747.83 47256.8
42894.8 14813.6
9250.96 28195.2
34282.7 41542.7
17661.9 43812.1
31499.5 36474.3
44625.5 32134.3
11726 38468
18027.8 10697.2
10367.5 10312.1
35010.7 1536.05
8600.98 2303.78
1487.8 10384.3
33774 33108.6
19211.6 26111.1
32526.8 48658.2
19583.4 49654.3
13739.8 15749.9
42134.9 41847.8
36188.6 35599.4
1636.84 35596.6
32549 27575.8
14830.2 30982.6
14315.8 36200.4
21938.7 31948.1
11073.5 45807.9
15906.4 30303.4
4082.04 21445.1
8992.5 15431.3
20461.3 17225.3
48460.3 214.282
501.5 8662.67
26841.2 9964.97
29461.5 43222.7
18298.4 572.172
5841.71 45851.2
36907.8 19048.3
38091.7 6954.84
