4477.01 16889.4
12410.6 3462.75
26815.1 28151.4
3750.59 30442.8
3875.44 1015.66
15654.6 14262.6
14970 16422.7
7941.22 4040.26
49413.1 4301.51
42144.5 27476.5
42546 6375.87
48960.1 21612.1
27726.9 44620
5993.59 973.11
30845 45832.1
4857.18 32825.5
31515.5 43807.1
41747.8 22813.5
17906.3 32550.5
45922.5 7129.47
44859.2 45610.9
47941.8 3784.44
17968.9 33448.2
24423.2 22361.7
10809.3 1427.76
21501.3 17251.1
29441.3 30313.9
13612.6 1550.64
27592 37455.6
1656.84 19999.8
19311.8 25396.8
9720.46 2113.56
30623.4 47955.2
15578.6 14401.9
32821.3 9885.42
33757.6 46624
31555.2 49245.6
18603.8 14744.6
23273.3 35787.9
47951.1 22208.7
48052.1 17930.2
18264.2 23707.3
35415.6 27357.6
14200.7 11897.2
33033.2 30572.2
22622.5 39397.7
27042.5 21380.9
28683.3 14410
32700.8 47207.7
22897.9 18467.9
27810.8 47753.5
44586.6 41263
3272.59 37230.9
32351.7 23835.2
18923 18418.8
14208.5 35137.8
15503.2 10095.9
31967.8 21092.7
12440.1 13104.2
35224.7 29573.9
2512.54 29591.2
32724.8 48290.6
5260.65 32129
14543.6 11029.1
6916.35 5130.19
49145.5 2086.85
1852.69 25583.3
16499.9 3626.28
2528.79 38319.7
9379.44 31477.2
39232.7 24414.6
11497.6 33359.6
43723 25612.5
34401.3 31591.1
26700.2 34543.8
36421.2 5995.46
14485.4 10522.4
21953.1 16975.4
35058.8 23322.1
32622 23834.9
1632.05 23800.3
48585.5 22747.6
7855.25 35297.9
20957.5 4253.32
36977.9 5797.96
25926.4 30863.2
45854.8 37912.4
2347.89 31606.4
28637.4 14458.1
6427.72 19284.1
47670.6 2061.37
24468 31028.9
16724 31794.2
46346.8 28630.1
5666.57 2422.13
12135.7 1082.64
12909.7 49997.9
17732.5 17934.8
21971 35365.6
40502.8 182.349
32310.9 18538.5
19694.8 15003.3
31545.5 45765.7
9321.52 5536.23
28091 20909.5
24633.6 421.455
9844.39 3901.12
25794.4 36193.2
3218.04 32345
8265.4 30893.4
47718.3 23795.6
33023.6 30027.2
34482.1 464.152
36641.5 38592.3
39797.7 7860.77
30683.7 26047.1
47575.8 23058
23112.3 17562.4
10284.4 8147.3
30860.9 29628.3
6470.76 49873.2
19593.2 15360
11370.4 31538.2
6450.34 20239.3
29749.1 43113.4
30273.3 13254.1
29583.4 43082.3
22711.2 23676.5
2585.07 34390.2
49688.2 1155
29194 21996.1
14871.3 387.381
26285 25207
22264.2 12048.5
4027.69 18215.3
4552.19 15197.4
27523 23295.1
41605.2 27289.2
44178.3 15086.1
14519.1 79.0037
47653 6844.04
35972.3 29971
31405.4 24511.5
6609.66 23141.6
36753.2 27808
15140.3 17297.2
12552.5 6618.72
26903.1 30202
38808.9 25432.9
11677.3 7198.6
21121.5 32091.4
43461.2 407.521
27362.2 47970.2
24567.8 27174.1
39108.3 7575.44
24288.2 39158
1682.25 30301.5
32010.1 30490.9
14808.5 44056
34857.4 31418.8
12798.7 3691.89
31299.5 39794.7
35565.9 48302.2
36515.7 2436.45
22579.5 36532.6
455.739 2662.59
27466.6 31264.7
24284.6 20167.3
6465.43 30635.3
12345.4 19870.4
29244.8 28043
26284.4 29252.1
26065.9 31551.3
38085.6 28729.4
6778.99 33453.8
34207.9 14683.6
30369.8 12009.4
17742.7 29093.2
42782 10293.2
17868.8 32369
4044.2 34519.8
502.526 37257.2
29631.4 33176.7
13484.6 1522.6
19397.7 35797.6
30143.9 41926.3
31149 28546.9
35625 27185.7
47993.6 20233.1
39314.6 29110.1
15915.6 31020.5
41132.4 5503.29
24361.3 31052.5
27183.6 25556.8
40246.2 6673.14
26823.1 28987.3
31857.5 18745.3
34530.6 48500
43001.5 3069.49
27271.7 25278.8
15198.8 1664.99
17730.5 35345.3
34990.4 49314.8
11442.3 33978.2
25971.1 29119.5
48311.4 23486.9
14309.4 16960.2
46854.8 5191.13
44406.2 19848.5
21534.2 41905.8
29944.3 31270.1
43241.4 21283.9
46931.5 20227.1
16795.3 31138
31335.9 10989.7
20609.1 38326.1
20977.6 16663
12321.3 36281.6
8322.12 3709.04
42100.7 1861.14
32617.2 49856.1
49144.7 24469.3
39834.5 9334.43
28641 18508.2
19553 36985.9
18396.7 15832.4
806.918 25770.8
34640.7 19514.1
38626.4 49876.4
33969.6 20841.3
27132.9 32955.6
30471.8 14827.3
23972.8 35266.1
24663.6 37264.2
25031.2 13899.1
28243.7 46463.7
41179.4 46.1841
49991.2 20606.8
3673.27 32892.6
283.9 267.966
34567.7 26638.3
31152.1 41058.5
10214.1 35284.9
4084.6 14844.6
43968.3 39031.2
33608.4 5187.38
2179.47 16646.3
18562.2 14086.7
45205.2 26691.4
23253.7 22276.6
24425.2 19619.5
1834.37 26803.5
30359.6 30685.7
4916.66 3058.17
39584 5081.77
27421.8 18873.1
34292.4 941.031
30008.2 34746
25537.3 12780.5
47909.4 5100.39
38062.5 28360.9
46259.1 2380.36
7047.78 31245.2
46633.7 4061.94
12758.1 34474.3
12804.1 47314
28846 45673.3
8561.69 32465.3
46400.4 4759.72
20614.8 35763.1
12347.9 35874.9
36279.2 28760.1
19564 31931
18697.5 17721.2
11044.6 4977.72
46895.7 3745.84
12324.2 3682.25
16844.8 17810.1
26207.8 19738
22505.4 29771.6
28439.2 47865.6
25753.9 22412.9
45617.9 3044.93
30531 21180.6
1180.15 49136.8
19674.3 17248.3
47123.5 22376.8
34650.4 1606.98
6375.19 32581.8
7893.17 994.476
28273.2 36383.5
14557.3 11440.3
15966.7 18179.6
25280.9 11416.4
10756.4 5363.79
46656.9 4710.65
49634.4 7327.11
7308.53 28083.1
42500.3 4746.06
27125.9 35115.2
24541.3 1173.22
46712.4 28874.7
222.161 40265.8
42756.4 21315.8
24852.7 31270.6
6071.17 30613.5
20973.2 18449.3
27784 18515
11413.8 5309.27
21435.4 32042.2
2756.79 3671.04
28557.6 33406.3
42485.2 1183.99
20987.4 16771.9
38203.9 23607.2
33714.1 2129.44
45583.9 22641.2
31292.9 42364.2
36997.6 27975.6
41532.4 23547.6
34613.2 27847.6
34023.2 26028.3
37084.6 30526.4
30097.9 45239.1
30395 12353.8
49818.2 24580.7
22962 31638.4
10927.5 32651.2
24969.1 35376.4
9059.93 4738.01
2748.97 35087.3
11795.4 2788.16
18529.1 36173
30466.4 46862.2
23487.8 31116.8
3766.52 31581.5
11729.7 42850.1
39247.4 24819.1
28763.5 29372.4
4374.29 144.136
41777.2 47781.4
49192.2 4429.03
625.89 24894.7
9675.62 4286.02
47159.4 2324.03
48213.7 5511.11
37062.2 25962.8
38469.4 24416.1
6295 7443.38
15620.1 18883.3
27658.2 39229.3
43885.5 22718.1
16133 2956.29
24770.4 26610.2
23962.6 18266.1
25913.3 35480.5
47760.6 5551.54
20522.4 21335.1
10465.4 5476.86
40615.7 38143
14019.2 1385.79
46307 38046.2
36380.8 20131.8
4963.68 754.924
12919.7 49440.6
28779.9 28484.1
18738.5 20495.6
45301.9 26961.1
15697.5 32777.6
39040.7 23678.4
23899.3 19766.7
47579.3 4055.42
31847.3 19101.5
20727.6 35571.7
44168.6 3109.56
33185.6 33480.4
32365.3 24086.4
39934.5 637.244
47466.3 22029.3
29501 25935.7
26959.6 25355.4
14190.5 49631.2
48066.6 22062.5
10121.5 44991.5
46798.1 23492.5
34992.3 18906.5
11158.1 3842.81
25896.8 14092.8
45334.9 186.775
6191.44 32479.3
29047.6 27075.6
37960.4 26182.9
4587.14 37299.5
20042.1 35837.2
40770.2 644.037
25636.9 37067.7
36365.3 4900.08
19459.2 36776.8
14083.3 33746.5
33293.4 34297.8
42478.4 4641.89
14823.6 32501.6
28584.4 35028.2
22558.9 31004.8
16201.7 48030.1
4740.69 33449.2
39275.6 12764.9
4948.4 2415.1
26416.8 13719
13002 3641.39
18843.1 35288.3
49667.8 13791.7
35080.6 30597.9
2929.64 30204.4
14562 13703.2
46869 28814.8
31303.4 21266.1
24797.2 24317.9
31464.9 16858.5
21417.6 19900.8
26809.6 32982.9
2411.86 32508.4
20248 17068.8
4205.72 37120.6
33162.5 27813.5
35091 26327.5
5683.92 916.265
47726.6 40519.7
31228.4 32292.7
30677.7 42937.3
16112.2 746.517
18292.8 14549.9
15106 942.536
37812.1 29135.5
14649 33363.2
32631.7 21923.6
16209.9 9893.94
43543.4 3414.47
24972.6 16760.5
10014.3 3274.95
44530.8 48913
14457.6 33547.8
25947.9 28313.8
23082.6 27732.8
6903.19 29777.3
34488.1 11632.4
23745.2 2139.53
33349.8 41399.9
28044.8 20269.6
31884.8 17972.6
44237.7 26754.5
30019.1 41966.9
9071.29 31065.9
31302.9 47425
28333.8 32970.8
31016.1 32303.9
35712.9 23633.8
28886.7 36191.1
32749.7 22704.1
38818.6 31424.8
40774.2 26649.1
23903.6 17331.4
2880.13 35389.2
22916.5 19579.4
39558.2 3827.18
22340.5 15290.6
