33213.9 41047.5
18500 21961.9
26285.5 40432.4
34719.8 22410.1
13002.8 23878.7
9159.38 21309.9
29410.5 8913.52
6304.53 6798.78
9392.5 21985.2
10349.3 3653.96
15898.5 21721.1
15616.8 22773.6
20931.8 20864.4
18460.4 20416.4
1559.1 14453.5
17349.9 18794.7
30113.3 6928.37
10945.1 6588.7
30301.6 25768.5
32658.3 18372.6
9691.22 19787.5
31382.7 7481.51
31922.8 24619.8
1314.61 13144.6
21629.2 28207.2
9965.52 20478.9
9186.83 20235.5
39219.4 885.36
19237.8 24998.3
30934.4 13391.5
1788.99 15032.6
29892.2 6475.77
15180.7 26937.9
18755.4 26298.9
10690.8 23120.8
19449.2 23907.9
1242.33 9344.96
802.526 12619.6
5992.28 7575.87
16326.5 22770.4
38301.7 1589.38
21235.2 30803.5
45300 3289.44
920.217 8540.72
16956.3 18684.5
1887.87 13959.2
10265.8 6701.78
33153.4 40295.9
2030.35 13237.1
16664.5 24801.3
5307.18 25612.8
33264.4 18922.7
28544.2 16990.1
9947.54 21707.8
26092.1 20701.9
10920.8 8645.56
38435.5 22600.3
38788 410.175
38022 2256.18
2125.9 13184.1
11459.5 15688.6
38781.6 923.962
14836.2 480.765
39441.5 199.323
11392.9 22892
9136.81 2752.72
37838.6 2351.57
12501.7 23271
33750 41593.5
34841.3 20739.4
11242.7 6522.09
31509.1 41100.4
24298.1 41287.8
30744 7625.78
10282.8 3275.67
16477.7 22574.5
2461.18 14144.2
22515.6 22237.1
9950.21 22214.1
17496.8 25027.5
18332.4 24977.7
18959.1 25927.4
17035 20753.8
1938.54 10856.9
7794.97 27405.1
40230.1 901.342
14039.9 22942.6
19265.6 27020.3
29607 40748
26526.6 47305.7
21850.7 22715.3
34274 35747.9
15810.7 23837.8
10733.5 19894.6
31583.4 40989.7
10877.8 7296.04
22953.3 21615.9
5058.01 4652.48
19630.5 25380.9
16724.2 24709.8
15846.4 22902
17024.7 19100.8
10443.5 21902.7
17189.9 19971
894.249 13027.2
20252.3 21559.9
10720.4 7692.18
1032.22 11073.9
12378.4 22275.8
15345.4 22096.6
2846.78 10068.5
8947.27 22221.3
