18843.8 6318.93
23908.7 11497.8
22951.5 10050.5
7168.16 15584.6
13984.1 3771.1
36321.8 11981
467.991 44481.8
46348.3 49178.7
11226.5 12282.9
14404.9 28204.9
18111 28870.4
26622.4 49415.2
32375.7 2009.41
36050.4 19024.1
45945.5 14269.5
1377.72 9778
14960 48821.4
23162.8 24403.2
49079.6 27236.4
6356.56 25541.6
753.399 44788
42643.5 15517.2
38040.9 16014.1
48760.8 28680.9
39725.7 44372
18070.4 44128.7
49947 7314.59
42717.2 44073.3
19502.8 47353.3
18362.5 33546.1
25135.6 37218.3
29802.8 34286.2
37136.7 3657.17
48897.5 34938.2
4177.63 43964
18955.7 47510.4
47210.2 13500.2
31247.8 124.722
17102.7 11364.7
28951.3 96.7878
47424.3 30091
7717.05 48222.5
43467.8 18010.7
42568.5 46873.5
6773.5 7053.18
13265 49803
13110.5 6038.52
47865.8 25552.1
28803.9 9263.23
29379 11297.1
26742.1 6060.69
8271.33 47677.1
40994.3 10014.7
12338.1 23524.9
215.795 48368.9
7398.15 41508.1
19551.5 1209.48
14128 40179.3
3728.32 26386.8
23686.8 40261.1
38046.2 19429.9
9393.7 24519.4
48983.7 11834
27639.3 12208.9
20739 46703.7
23858.3 29797.7
44688.6 49981
4398.5 43393.4
1768.42 2122.12
2766.19 47446.2
21618.7 36367.1
42615.4 40700.7
42985.9 30772
2159.24 10974.4
30822.6 6291.17
4326.04 13772.9
25032.4 4329.6
49888 36355.4
25426.6 41114.5
16620.5 26927.9
978.87 11735
18518.6 14295.4
22878.1 24042.6
45497.7 32347.2
41679.1 21608.7
12429 41788.7
28824.3 3561.57
35922.5 5838.43
18650.8 29401.2
7729.8 12442.9
28541 11296.7
47685.9 21298.4
23935.5 10891.2
19151 47752.4
35769.6 1931.47
19794.7 45424.4
37906.2 40271.8
34711.1 44346.1
22535.1 32580
21796.6 45402
46705.9 12240.5
18255.6 7044.12
37959.8 31651.9
2118.47 46998.9
17628.2 28589.8
25330.6 42473.5
38089.6 18358.5
45849.4 8532.07
36324.1 42388.1
45294.8 41265.3
7321.65 14810.4
4737.51 44044.6
32813.1 46307.6
41872.7 39027.1
41666.7 19801.7
47235.1 35813.3
21910.1 30638.9
6816.61 31201.5
3274.59 42115.2
10089.6 31609.7
49894.3 11826.9
7132.94 23758.2
6134.5 17725.2
508.543 7105.54
37156.3 42069.2
7504.74 19401.4
43681.7 17022.3
43164.9 43923.8
37087.9 11382.6
9844.56 31296.8
20426.4 24177.2
22494.5 13429.2
16359.6 3224.7
7701.03 21638
46883.1 45840
25375.8 43195.8
17522.5 42021.1
43491 12175.3
43066.1 7688.72
30499 7066.71
206.937 24126
46887.3 45761.8
43958.6 14536.8
2730.14 22149.8
25230.7 19057.9
30544.1 18215.2
21702.2 31774.4
13495.2 11558.9
17797 46081
20369.5 13262.3
6622.93 45822.5
38224.4 37298
32668.5 11127.7
13041.4 8003.56
35313.3 15108.1
22469.7 47058.4
37176.5 18515.2
6098.02 19591.3
22058.3 47947.4
43427.1 9214.45
23889.1 36643.2
22233.1 32165.7
44075.5 16864.9
47463.7 46424.7
42716.4 33245.3
45848.4 37581.7
49930 39666.7
34793 44901.5
41290.8 48029.9
23046.8 40438.4
13150 3613.61
9314.4 35636.3
19465.5 49991.3
1006.6 19022.9
23910.8 8687.82
38583 34529.1
21486.3 2229.24
38169.4 33035.9
5438.94 10889.8
18003 46522.2
6916.98 10089.5
17119.5 29298.4
1525.26 13922.7
28483.3 5987.82
28365.1 9994.04
4049.92 8926.67
36002.3 35949.9
27794.2 294.02
8808.45 45217.6
49119.1 26906.5
29831.4 38576.7
45092.8 48432.4
12210.9 27903.3
15682.8 49530.5
43674.2 14780.3
42630.1 28360.9
39961.9 19779.9
14799.8 14742.9
5794.32 25364.3
17473.3 1437.45
32486.5 35109.8
1046.67 16926.4
42837 48148.9
13082.1 13536
14034.9 48601.8
8725.17 36633.8
12660.1 28371.1
2514.05 43314.4
21915 2678.32
35986.7 41055.3
40158.1 25997.5
35876.5 14554.4
25227.5 809.954
2396.43 44222.5
11531.4 15957.8
23430.4 31908.7
15972.1 46180.3
25396.1 4867.39
24332.1 13780.5
12108.9 15987.4
42404.6 18520.1
41009.3 36381.1
18434.2 156.742
7899.52 41976.2
7629.6 29728.3
15087.7 42035.4
19931.7 6021.61
47279.2 37498.9
29286.8 3863.06
10911.7 27970.2
5313.85 22036.3
12311 49483.9
49319.8 36842.5
44738.7 9893.63
37593.7 47738.6
944.018 43844.7
37499.9 39623.3
22862.7 22484.3
22701.7 8620.96
9202.66 12047.7
6611.27 41356.4
31560.2 15775.6
31459.6 37907.6
5819.45 21442.2
47215.6 31547.1
48108.9 41099
8684.34 13847.9
6953.26 20542.5
47333.9 34411.8
11863.3 27896.9
14416.3 9476.6
26005.4 46561.1
6964.67 4885.63
6787.52 22856.3
45278.2 37378.6
10191.3 16878.1
16773.4 26199
2643.2 42633.4
9245.23 1586.48
33737.4 16714.4
16816 27246.5
32856.6 3311.21
47129.2 32834.1
30689.8 299.262
42041.5 20553.5
12374.9 8794.26
27666.3 10888
17391.7 47848.3
33363.1 11879.9
1153.43 42106.6
40484.4 48972.6
37890.7 11021.6
12490 28856.9
6857.79 37510
34080.1 33052.5
16231.7 47412.1
23095.5 13761.6
4122.72 49639.1
4894.56 45986.1
43793.2 46647.7
28224.3 3098.32
36110.5 10537.3
4201.49 14940.1
36705.3 38969.7
27878.8 47180.5
41886.7 37170.7
38056.3 20924.1
11201.8 15356.4
11324.5 46428.6
2162.58 46508.1
16289.5 11530
19285.5 1634.37
3600.13 40766.2
20686.5 27918.7
6635.32 23829.1
33152.4 51.2208
42085.2 14542.2
33600.1 9062.64
10710.9 10592.1
27621.1 3452.84
32866.3 40340.3
37506.2 37381.4
18056.3 25479.5
2229.28 42264.9
2748.13 38985.9
25978 27359.1
44759.5 35944.8
46546 49146.9
48617.2 35870
41705 20052.5
18385.2 2607.36
44369.6 36089.1
35057.3 39444.2
773.353 10426.3
24259.4 41765.2
41775.5 10971.1
4109.93 11571.5
8730.32 11416.3
31657.6 49777.7
47702.5 49024.2
24319.5 12791.4
18238.1 11182.5
20605.9 9404.41
17738.9 8418.49
23207.2 34693.6
9672.99 49064.3
13476.2 5713.69
2326.74 12730.4
26647.9 2301.82
32289.2 39191.5
37682.8 41036.1
41288.7 47977.8
48748.7 34948.3
12829.4 14943.4
15776.3 49359
49046.3 27964.8
38730 17729
20336.7 44335.7
37041.3 37381.7
35259.1 15717.7
1081.75 18974.7
14795.3 45198.1
19934.8 5005.31
47018.8 30098.4
35635.5 33043.8
21756.6 25990.7
28855.7 37121.3
39800.5 35758.7
40240.8 3958.22
37425 6954.61
1356.42 14600.5
13523.2 40415
26051.8 49256.7
5554.89 16571.3
16659.9 5886.59
48807.8 39589.5
20659 4954.24
45940.4 42356.5
2308.28 12785.6
17898.8 26760.8
33584.6 8581.6
18013.4 9003.62
6232.98 43429.5
5098.78 13121.7
36768.6 42892
44756.3 12063.4
17597.7 47722.7
10036.5 19783.6
36747.4 44947.9
33701.2 20349.7
6926.82 12881
35440 43149.3
3732.73 24958.5
12610.1 28150.3
1161.13 3976.91
37023 44192.1
42573.1 7378.37
30904.6 16616.5
9160.01 13732.5
19784.2 25076.2
37925.4 17218.6
14903.9 24048.8
2990.04 41371.9
8689.36 24875.1
28917.2 105.859
10696.3 21073.6
21746.9 41293
22629.4 11302.2
9130.49 24393.6
10049.6 18971
43779.7 36527.5
19971.8 8767.28
18888.9 12239.4
44098.6 9640.52
15764.2 4936.35
215.621 41976
31013.8 33796.9
16522.9 37418.5
48139.1 28237.9
16047.9 27346.7
38817 17114
39978.9 48871
31389.5 41368
15485.7 8704.66
3190.16 16868
35077.1 17211.1
7254.52 29339.7
559.029 48027
21175.3 8987.12
13583.2 37412.2
38448 46955.7
10476.9 26674.4
4576.55 10587.8
3770.07 48075.9
21052.9 41265.2
4810.95 13608.8
9037.36 38665.5
47042.4 34246.6
49079.5 37242.8
4949.62 41064.5
33851.5 7790.67
46004.3 48459.8
12219.6 20633.2
24288.5 7602.1
13596.7 31180.8
1322.36 3433.62
122.23 43633
30667.2 30661.1
22437.2 49703.5
10131.9 27724.3
35097.5 29555.1
3411.38 40808.8
29172 5396.82
14120.1 49753
18111.5 6041.61
27394.4 45569.1
38241 9388.01
9457.42 43858.9
13887 26026.3
38231.9 37422.5
37711 42935.7
22623.9 46412.7
43676.2 13739.2
23330.5 10771.6
4113.25 28041.8
7598.69 24066.3
47410.3 11692.1
22271 7082.99
10649.2 17592.3
3907.35 42707.5
29657.1 42410.7
23153.5 7990.19
11879.2 800.874
9427.46 43576.9
49206.5 39892.9
5718.36 46273.6
13483.2 38294.9
46620.1 34376.5
7026.28 4439.77
40858.2 35720
49649.3 29446
37456.1 30840.3
37032.7 1858.22
30178.4 14931.6
35703.6 5905
22239 32060.3
22166.9 42337.2
19944.9 6457.38
36059.9 37188.4
30165.8 2516.66
49357.3 45210.4
9761.68 43703.2
5416.86 8828.11
28865.6 5618.19
36781.3 37523.2
29419.8 37098.7
6111.16 47302.1
39447.8 35488.6
45180.8 43724.8
29508.6 18252.9
13583.1 28527.1
13444.7 41167.9
42997.2 15408.9
45936.1 38791.7
19764.2 13473.9
4247.25 27160.2
10372.3 22397.2
21504.6 14886.8
5865.23 36820.9
49978.6 1960.58
43914.8 47481.9
42642.1 42570.9
3892.3 17384.1
35777.3 44291.5
14405.6 26232.6
31684.7 23868.5
5937.12 44513.2
17591.4 2099.46
37277.1 33677.9
11.3054 9693.35
12031.9 41395.6
26704.2 48011.9
6098.64 7525.9
20222.9 40953.1
7178.45 5297.58
4455.78 5510.34
23897.1 5329.46
30303.2 4419.33
41363.2 42442.7
27815.5 34136.7
45245 6759.9
26022.8 37141.1
36652.2 5393.09
36503.4 46600
24610.5 4494.79
27409.1 1086.86
17130.6 42662.5
45415.8 40307
47446.8 33360
34592.9 962.717
7736.37 46035.4
49895.8 8353.26
17364.1 12846.3
13263.2 42050.4
42929.7 49569.2
24428.6 41465.8
8678.17 17518.5
2109.83 45716.9
41153.2 49967.6
17943.7 22722.2
31280.6 49712.4
13951.2 49940.6
8114.72 332.433
506.351 7784.87
9099.46 29276.3
46651.7 35721.4
37843.2 12390.6
35056.6 6076.53
22243.2 28043.4
4576.4 43930.3
9402.12 25509.6
32517.6 43859.6
32576.1 38382.4
36890.1 7929.27
16903.3 40345.7
7624.34 39524.9
49279.4 31872.6
42492 11670.9
3872.2 12093.5
28183.7 22931.1
19362.8 22624.4
6674.86 41616.7
2564.36 11129.7
1198.62 43669.2
28659.2 6290.26
20667.2 27.6117
11181.5 46326
19357.4 1107.39
31034 38008
14502.8 5069.23
7423.6 45979.4
40622.3 37228.7
11549.5 18929
21879.9 36694
10632.4 29716.8
18963.9 7720.41
6141.68 8300.12
7624.77 2997.12
11084.5 15051.4
21617.5 12452.6
672.083 20401.1
28314.7 3978.11
91.6204 36362.6
38452.1 17285.4
12800.6 1657.11
13951 33547.4
37370.7 36144
41873.5 35501.7
36819.4 15715.6
43196.2 44763
28433.9 3519.98
43250.8 31116.7
33815.6 15740.8
25096.4 48612
23240.6 43093.6
12178.2 48416.2
9145.08 16122
13788.9 18368.6
32019.7 10701.9
33427.1 45364
34154.6 16024.2
31922.1 34865.3
27017.4 11086.5
48634.7 14444.7
1333.77 19378
9961.33 21418.6
38539 38826.4
43096.9 35583.3
12193.6 27093.8
39572.5 21886.7
17458.4 48757.8
28822.9 3877.8
37182.3 41554.7
22865.5 42329.4
10281.2 7733.84
35980.2 43198.9
668.428 27698.1
21387.4 10226.7
25842.9 47380.1
2350.89 43734.2
30407.3 1902.99
1944.78 21316.9
349.937 16846.2
45980.3 33655
21441.9 13236.8
46572 33809.3
40165 30371.4
9680.84 40743.5
1856.36 19814.8
38349.4 40796.8
8922.32 44257.4
35083.8 16356.3
1069.11 43671.2
48211.7 38987.4
2850.6 42584.9
17354.7 45128
14194.7 49251.3
13623 49576
38626.7 44833.6
35347.6 9459.06
14185.8 5584.24
13114.5 12741.4
21334.3 38957.1
6992.57 25946.4
5396.1 15466.9
47037.9 10742.6
15890 29649
40960.3 39355.4
39278 33941
20746.1 24477.8
22857.8 12530.9
17597.9 7554.97
7988.43 18208.1
6860.67 19330.6
21546 29130.7
20964.5 7295.3
21045.5 48473.8
25975.4 10177.1
20723 47008.2
44245.9 13696.6
43975.6 5510.3
14485.5 42122.4
29601 14853.9
25701.7 42550.3
11042.4 24752.7
14543.4 10684.4
8041.05 19671.4
20131.5 23871.4
47561.1 42014.1
1906.46 29594
21741 29271.3
23593.3 23855
40187.8 44982.6
39240.1 10498.4
45808.7 30490.9
49242.4 6690.95
43216.2 49951
46508.6 43083.1
10225 26644.6
44130.9 38207.4
48551.1 9677.56
48650 40046.3
24270.9 4167.89
33420.4 38985.1
42601.8 17351.2
24682 12044.4
2439.97 36962.4
1525.78 5024.34
2401.8 47209.5
6611.96 47269.8
7086.36 27381
22612.1 47806.4
38922.4 14469.6
42911.4 42477.8
10686.8 47373.2
1582.56 22408.9
3295.41 45266.8
48472.5 6300.79
35856 38377.9
40197.7 13228.3
49730.2 28264.5
37987.1 48904.8
35320.6 43724
19826.4 20689.3
36950.5 41581.4
13976 47978.5
5886.12 39628.5
28918.7 179.248
1729.55 26040.3
31327.1 5133.57
44317.4 38030.4
46959.7 47474.7
27535 8552.66
12286.5 14149.7
19708.5 49509.1
47653 37870.5
12380.2 16958.4
38274.4 34767.9
11255.1 11206.4
18271.9 41100.7
24369.8 4920.07
37391 42924.4
21512.7 13726.5
5200.38 5820.06
16490.7 9848.2
21694.8 27688.8
19277.5 44591
42118 5800.52
7126.48 26157.9
4266.59 28076.1
40912.5 41991.7
37206.8 44117.2
33816.1 49099.1
20946.6 47901.1
28273.6 130.03
4499.02 39766.8
4178.26 42129.8
14175.2 41222.8
31704.8 14515.2
45594.1 46820.3
33151.8 25063.2
6477.09 8644.99
11648.4 5060.86
42521.5 41610.2
49384 35509.1
4828.6 20206.2
23767.9 46190.9
31268.6 25871.8
31595.9 18061.2
28323.4 48573.6
12717.7 12579
23360.1 35943.1
28071.2 8761.73
31832.7 13031.7
5995.48 25310.7
2059.82 20184.5
5667.58 1263.01
39410.3 38954.7
26297.3 22880.8
13773.5 22127.7
36236.5 5468.92
42189.3 21427.1
12393.2 23819.6
48383.5 49095.9
35704.7 47162.2
49311.7 24693.1
37232.8 5582.84
37391.7 47402.1
14659.8 30505.8
19423.3 42851
39285.3 18339.8
27643.8 32745
48314.1 27690.9
43230.3 19416.4
29811.4 5181.74
9464.48 5955.65
18419 23999.5
38859 40575.2
40142 42823.6
9947.55 44528.8
735.229 26926.3
19321.6 3034.62
5480.36 18071.9
42771.3 40567.1
40473.7 45950.3
8029.68 11541.2
12173 40263.4
47412.2 12624.3
17060.9 11515.8
13589.7 22094.7
34155.6 13018.1
24921.6 746.863
18308.8 8180.11
48231.6 31877.5
41835.2 43423.4
32326.3 3002.65
38442.6 15253.8
41920.5 38760.3
42650.1 41265.7
7708.9 19014.6
18828.4 672.651
25658.3 43806.5
34578.9 45214.1
48715.6 10055.4
49303.7 13871.5
2769.21 13730.7
34229.2 32625.1
32725.7 12772.8
363.121 613.649
8669.67 10560.5
39546 44315.1
47538.7 6128.54
46558.5 46413.9
14553 21224.2
21507.4 3106.85
20930.2 27950.5
39585 46218.6
48262.3 38860.2
30899.6 10173.5
24331.8 8030.36
31535.7 44343.9
23349.7 2351.26
38035.7 15659.9
35551.4 37725.8
37319.5 8689.56
3151.48 10311.7
46474.5 39131.1
5235.74 44407.6
35578.4 34392.3
22851 44907.3
14634.2 21914
47914.8 14946
23368.5 38773.1
21854.1 8645.09
19051.8 26373.1
37897.9 46564
47530.5 42166.3
39840.9 19153.9
47933.1 35657.1
25027.9 20868.9
39154.9 16444
8400.78 7348.81
45523.1 42464.5
7513.11 23644
11162.8 38863.7
49249.5 31218.4
6332.85 9563.71
17327.7 9145.76
3914.62 42060.3
40589.1 31683.7
33307.4 13381.7
45851.1 36399.5
3825.43 46205.4
3776.95 16460.2
42079.7 42302.6
3280.01 9604.67
45700.9 35115.1
31361.8 49324.1
20247 41139.4
14797.9 31185.4
46326.3 23566.5
26901.6 3157.37
45809.9 16526.5
12595.7 17806.5
17312.1 28302.5
11060 25782.5
25496.4 49578.8
6453.66 18087.6
44950.5 37530.9
2627.31 7139.43
18383.3 41299.8
7086.1 11134.2
11772.3 14012.6
11565.2 23184.8
11708.9 12133.1
43056.8 43708.2
13976.4 35722.5
16172.3 3885.01
38391.4 23818.7
32980 34567.4
45025.6 30016.9
27427.9 13412.3
49867.7 10264.3
41517.2 13115.5
14773.3 43201.3
43214.2 17221.3
910.908 3458.06
33447.8 40906.1
2156.95 10576.3
28057.8 4106.53
47310.4 13676.6
15401.4 31423.3
2250.75 5565.07
30902 8965.2
49135.9 12613.8
28795.6 4122.23
40840.5 17860.8
3396.05 13170.5
37825.9 35092.7
23758.1 25285.9
5441.82 19461.1
14594.6 28417.5
43718.2 18104.9
2167.26 11198.1
48038.9 29736.8
17504.3 21889.3
13178.5 19712
9672.06 8349.18
2406.44 35811.2
40050.6 49980.9
5925.85 10873.5
6613.91 40970.2
20062.3 118.813
15052.4 31701.1
18453.3 25766.9
13777 26446
44027.5 30690.5
19306.2 45977.3
22828 12047.7
5555.71 496.222
26811 47991.9
37622.4 35503.5
21473.9 6899.04
759.866 22419.6
32309.8 15926.7
33349 13253
6309.76 7528.65
13103.5 44231.2
20856.1 15331.4
37461.7 35476.1
12092.1 23833.9
7894.92 33739.2
22547 7150.15
26287.8 22278.9
29469.5 47955.5
34422.7 43515.6
20108.9 1816.14
30230.8 46751.2
42407.5 35485.1
3704.31 7440.32
43479.3 15363.2
45785.1 40021.1
944.963 39320.8
29459.6 36412.3
3132.62 40439.2
47321.8 34222
12233.9 8779.63
24534.8 48651.6
8705.39 13006.5
12135.7 31650.7
38524.2 37758.8
23014.2 28966.9
25836.1 10931.8
6552.07 27185.5
20842.6 6473.93
45688.5 36741.7
26521.9 36007.8
42860.6 43308.8
9042.51 4128.34
18837.7 42533.2
17206.5 10022.3
12011.8 10361.6
15448.7 39343.7
32654.4 45506.3
13251.2 2673.58
8530.49 12735.7
1024.93 21029.9
36346.3 38785.1
48342 12656.1
6096.31 5058.64
2727.59 20410.5
36461.6 8992.65
44961.6 33155.1
48322.7 45778.4
232.115 18178.4
12803.7 11272.9
15822.8 31776.1
40506.4 31861
2906.38 15482.7
15148.7 31709.6
2693.47 17166.2
41617.6 19670.7
12851.6 26556.9
34375.5 43895.4
9823.02 8524.23
42229.5 31960.5
37283.6 45682.8
23438.7 46954.5
41715.6 33649
29440.8 3406.55
35850.7 12565.3
9213.52 40513.2
28029.7 47979.2
44635.6 10493.3
15893.2 41601.7
26033.9 46949.5
23136.4 10247.4
19471.8 46975.3
8492.3 9589.11
14128.7 31490.1
8410.57 44670.6
28806.9 11113.3
49411.7 38440.9
46889.1 45072.7
2269.06 14721.3
43095.5 46508.3
31581.6 10701.6
37274.2 11509
39919.5 39557.4
9505.54 6454.54
18701.4 48886.4
95.2356 2044.64
37266.7 45712.1
312.471 3590.78
45892.1 35373.6
35668.2 13523.1
29223.9 29559.6
13503.9 4780.05
2651.12 31549.7
40362.7 40856.3
44061 48909.4
6358.25 18652.3
28313.4 47789.5
37585 34667.2
20669.1 22445.6
2715.6 30435.8
5663.22 36921.8
14223.3 6858.08
42062 32570.7
34194.4 13349.2
7340.62 29288.7
27783.8 39426.1
14214.9 22820.3
5943.61 40271.3
16826.7 45268.8
27805.8 8876.84
25650.6 1130.27
20400.4 38375.2
18367.8 23431.8
41643.6 48832.8
20887.5 3670.25
8510.17 6286.11
42744.1 33083.4
4231.43 19160
32027.9 1784.84
43521.4 21740.4
19899.2 47379.1
21977.2 25251
36446.4 47617.3
16822.8 28854.2
5398.56 31829.7
10753.6 12450.8
45441.1 1827.04
49126.8 42477.1
46566.6 33819.8
17542.2 16382
26479.4 42470.3
16971.2 21506
23881.8 49827.7
525.281 14669
27249.6 44748.2
514.225 47427.5
818.632 24330.2
31487 5187.39
28257.7 7322.36
44760.3 16268.6
42466.4 27009.4
33341.7 7835.17
5213.65 47173.8
1667.54 46090.6
20832.7 8679.93
30274.3 11894.1
41792.4 23509.2
44657.6 11174.1
37395.9 35794.5
40010.2 33703.3
47963.5 36118.5
4106.37 16434.1
31752 39703.7
19391.3 24271
4074.06 37587.3
39223.5 41532.2
15786.7 38184.3
22932.7 45165.4
10250 39447.5
49164.9 38678.5
25558.6 43063.6
22232 6642.74
44571.9 35910
5171.56 15856.7
49532 18210.8
38428.7 14374.6
22920.1 5005.25
8976.87 25234.4
40589.6 47948.2
11479 12463.2
1217.8 23466.3
24174.9 16825.3
2723.61 39713.2
48401.7 9779.51
6791.66 42835.1
44256 14663.3
744.159 45362.5
20074.7 30580.7
13812.4 23599.3
2822.62 6000.41
4991.51 26587.2
19014 1334.86
2303.1 29429.3
16674.4 49540.5
19476.9 12566.9
16440.5 31111
48269.9 41890.4
36077 9471.97
