22198.4 259.512
27868.2 7397.54
26042.7 16993.4
8581.96 22236
19451.1 9050.5
46010.4 34653.1
30021.1 7731.18
4020.72 41035.3
40199.8 44711.5
7325.51 9845.32
17597.3 34209
15264 35917
23823.8 47666.5
37849.6 14745.6
38196.2 1399.39
28450.4 19024.1
48151.9 12545.7
5799.52 8510.07
19845.2 42999.4
28285.9 26901.9
45887.2 33240.4
10592.5 21727.5
5228.48 40825.2
35847.7 15279.9
45474.8 17594.2
48044.2 33115.6
42816 42728.8
22795.9 47316.1
43295.6 8728.38
47083.6 47737.2
15862.2 49998.4
11780.7 29746.1
18553.8 33418.3
24335.9 29006.8
44570.6 2077.04
46398.8 29815.1
926.24 39702.7
15627 46428.8
45834.8 14107.2
37692.9 4152.11
10802 15614.6
32551.3 6332.17
46366.6 37617.1
1728.17 43543.4
38188.4 12543.8
47294 43686.1
3205.52 342.777
9697 43092.6
6167.57 9129.72
42398.8 20272.7
22222.1 13063.2
31978.4 18438.8
19911.3 9392.31
745.293 46619.3
42832.9 17389
16893.3 22884.7
1535.52 40884.4
8108.94 34745.4
23119.5 7919.88
17219.2 33236.3
6819.52 33329.8
24414.5 36837.6
41846.2 26011.7
16767.9 22680.8
43820.3 13033.8
20154.8 10889.2
15615.9 44205
26206.9 37025.7
37088.6 49981
1745.58 45182.8
7408.13 794.09
2183.07 47619.3
17432.2 31008.6
48421.7 21808.8
35568.8 43547.7
36190 31009.3
9205.83 8127.42
33803.6 179.372
6674.57 21001
19753 9796.59
43442.8 40382.8
24106.9 33629.9
9910.05 30495.9
6445.85 6455.56
10923.3 14560.7
22679.1 18346
48848 37377.6
46513 24629.3
14267.6 49162.9
36350.3 2503.85
38413.2 331.471
14279.9 24192.1
6410.07 4958.32
25941.6 4155.01
46957 26589.8
27267.1 4060.37
19151 47752.4
41618.4 1728.95
24161.2 41760.5
30859.6 43118.8
41292.8 48146.1
24373.7 39954.2
29024.6 47750.5
47884.7 17423.2
11424.8 3712.5
33362.6 31812.5
2761.26 46232.8
17032.4 34258.6
31775.7 46500.9
40689 11216.9
41599.5 2231.38
43808.6 43707.8
47550.7 40805.9
11788.8 20958.9
756.463 38810
38240.6 49699.1
46122.6 32726.4
40609 12275.6
40451.7 36287.7
28210.8 26389
40489.9 21078.3
10148.2 24370.7
1435.98 49489.4
3941.04 36076.9
42409.8 13146.6
7132.94 23758.2
10601.7 23873.7
5914.5 3868.94
30445.9 45637.1
14086.5 15601.4
49793.4 19217
49985.2 44386.1
38268.7 18079.3
14311.7 37445.3
20426.4 24177.2
22494.5 5829.24
21580.3 2227.47
43662.5 10929.4
758.087 24729.2
49165.5 49913.2
31197.7 48080.9
24896.7 40182.5
40943.7 5870.42
38174.6 12412.4
26263 10880.8
6507.62 19876.1
48323 45048.4
49012.2 13295.7
538.28 26643.8
32605 17219.3
30544.1 18215.2
25033.8 38605.3
21090.6 11824.1
13769.6 39635.9
19188.7 19959
201.712 46119.1
46912.2 22593.6
30642.9 37828.1
25526.8 8528.36
5994.84 5156.55
32222.1 22051
22119.9 46687.4
33179.5 24016.5
45704.4 30396.7
10653.3 18951.1
14476.8 48477.5
46758.7 2383.61
17740.5 32176
19141.9 39108.7
37279.6 17102.2
41697 42821.2
41136.3 40679.2
40763 43229.6
49399.8 47248.2
41374.8 48701.5
39710.7 40596
29989.7 37347.2
5665.44 2293.89
3325.52 40315.3
18681.5 42532.3
3853.61 11976.3
18703.6 6369.42
34115.8 28380.6
26732.6 3032.92
30941.3 30687.4
6636.01 14178.8
20997.4 48861.7
10717 3507.66
17600.3 33873.2
4506.18 7810.87
25392.1 12930.8
32165.1 16575.8
11534.5 10246.4
36796.7 28391.5
35099.8 2388.86
11864.9 49424.4
48590.4 28094.1
22888.4 41667.9
48492.8 42543.4
4982.88 30251.8
10403.4 44063.6
49813.5 11629.3
42364.8 20765.5
35411.8 24833.3
19049.7 21043.6
12330.9 27238.6
47936 8215.54
21936.7 324.606
30048.9 39010.8
45352.6 17398
4570.51 12015.9
38185.2 46961.1
18549.1 8256.57
13554 44027
8725.17 36633.8
11866.8 22726.5
9742.08 45662.9
29348.9 1098.19
43582 41320.5
37311.1 33044.1
39444.5 7843.98
30069 4895.26
7675.84 49689.5
11001.2 23539.3
18751.4 25919.8
10918.7 41630.2
32624.1 2518.86
31637.7 11685.7
7786.36 17560.7
39212.2 24524.1
41009.3 36381.1
15886.8 6461.59
13366.5 47255.6
103.561 28670.6
9098.84 37356.3
24033.3 212.438
41800 35927.8
36117.7 531.438
6444.5 34118.8
10780.8 16756.9
15879 42773.5
42178.1 39441.9
49855.3 12373.7
30109.2 49058.3
4758.96 39628.6
32820.9 45612.2
28142.1 17017.3
21121.6 1187.04
16249.3 9200.68
13554.2 38265.2
36839.6 21242.6
24923 36033.2
5289.3 29023.7
46421.2 39105.5
40607.3 21929.6
49166.6 33573
14215 15226.9
14437.8 19222.7
49761.3 39399.5
4920.37 24805.7
14416.3 9476.6
26926 48448.6
8803.27 12259.9
12266.7 24427.4
48925 41809.3
6859.68 10047.2
9977.56 26436.4
7696.58 47183.5
14837.3 2293.03
41332.8 16449.1
21901.4 32894.4
37741.8 9133.15
47394.4 40429.5
31937.2 6168.15
35651.6 18227.8
4848.85 9851.98
38644 24872
31693.7 17333.1
16022.7 45997.4
40921.5 11085.4
4503.8 46718
34682.2 46240.4
36833 3495.59
14584.9 36162.5
10657.8 30928.3
27498.3 29252.5
11947 49764
28454 17948.1
673.675 46145.7
5159.79 38390.7
36418.9 48486.3
28489.5 10693.7
28625.9 9217.53
3936.25 7344.68
33137.3 45680.1
23629 40879.8
46771.9 31348.8
34253.8 26561.6
9327.47 21893
15913.3 46107.7
9720.95 47302.5
22438 7062.86
24659.7 2658.02
1783.78 35430.4
13976.1 31486.7
1602.52 21153.1
34282 6971.06
37200 20364.2
33334.8 1467.27
5503.69 8273.71
31380.3 561.688
27044.4 45225.5
44552.8 40228.4
24999.3 28570.7
5797.26 48975.3
2628.59 33679.7
33206 25010.6
37178 36475
43203.5 45163.4
42795.2 30984.9
47693.8 24731.6
21851.2 2120.25
39316.2 31539
29698.9 35257.7
508.117 18021.7
23994.2 49360.6
47242.5 16250.5
257.089 7893.78
13341.7 14766.6
26190.6 44498.3
41041.5 48996.9
47106.6 31286.2
29964.1 13584.7
12126.3 8201.53
17514.7 16347.4
23018.3 13885.5
28486.6 40160.6
4558.29 45326.7
5880.87 5448.45
4826.02 12013.7
21289.4 6488.32
33869.4 46625.4
37948 33440.7
35883 47387.8
45170.1 36501.9
8579.58 8642.71
8876.32 49959
42335.9 24396.9
41711 23840.8
20602 36740.3
33473.3 44092.1
38106.1 8671.07
4389.76 17540.4
44331.7 18276.8
11453.6 49575.6
27162.9 7353.84
47018.8 30098.4
28925.1 29475.8
16289.7 31270.1
22555 32871.4
39800.5 35758.7
45500.1 1391.17
35330.1 14260.2
2150.84 7042.18
9709.2 44650.9
22068.4 45914.2
13080.9 15513.6
10359.2 1636.73
47473.7 45782.2
22497.6 12328.5
39342.4 40711.5
4656.81 20013.6
19478.9 19326.8
31489.7 1276.01
13128.2 14825.6
138.765 41700.2
12041.7 10030.5
34330.9 46793
49240.6 15823.9
17562.2 48037
5670.08 23447.5
33339.5 49437.5
40842.8 22949.1
1240.71 12483.4
28211.9 40800.8
885.725 17911.9
9844.3 21938.2
5149.07 474.572
40114.2 37249.1
49154.9 3578.37
33253.1 23844.5
2859.32 17982.4
24155.2 30285.3
30619.8 15123.8
48207.6 7339.5
14105.1 28579
90.0391 36771.9
2922.63 21271.6
34096.5 5107.4
10696.3 21073.6
27735.8 36614
29771.1 13901.5
14778.4 29479
3744.77 16423.7
49652.6 39487.2
23217 10078.4
12307.1 8439.41
48836.4 8386.02
20649.4 10758.3
1795.75 34542.1
23529.3 35116.7
15203.2 29934
42859.7 33704.8
23094.5 30193.7
38817 17114
46921.8 45779.8
25741.6 36282.6
19053.7 1994.26
3720.31 9286.47
27551 18268.8
26.4856 26991.2
2907.56 40798.9
28775.3 8987.12
6872.83 33844.2
31014.1 48535.8
14944.1 20525.9
76.547 7587.85
1309.94 46537.2
19867.8 46840.7
3230.82 21042.7
12605.3 45375.9
47349.8 34172.5
48549.4 44824.3
58.113 36340.8
34116.8 195.3
40428.8 49644.9
12219.6 28233.2
21307.6 13713.9
10749.6 24134.2
6132.14 1171.76
944.421 43266.9
33998.9 37492
26005.2 42993.1
7284.85 20677.8
36417.2 37039.6
7211.38 34227
26830 7997.83
9441.06 43764.2
21767.6 370.391
34989.8 45303.9
45183.9 6296.82
6910.09 37554
9419.81 19877.8
34664 44132.9
34879 39310.9
30205.4 46942.9
37527.7 18206.3
27705.3 9350.08
7913.25 21460
2319.29 18599.4
47410.3 5992.06
20079.3 14.2676
17231 21392.3
6888.27 36595.7
22826.2 39079
24733.6 15424.1
17116.3 4640.52
11776 36348.9
49206.5 39892.9
84.6471 44275.7
8124.75 34108.4
47700.9 21749.7
40975.6 35169.8
1329.75 4638.69
39538.5 43204.5
46534 35944.1
45037.6 31370.5
42939.5 1575.39
29357.6 12676.4
36299.4 11573.8
21708.9 39641.8
16519 47422.6
12460.3 5137.65
36854.3 44746.8
37724.1 3311.08
43979.5 49430.5
12654.9 49635.2
1529.92 10136.4
28865.6 13218.2
31501.9 42990.2
28100 29614.2
5443.44 46422.2
42779.5 28657.8
49672.3 46911.7
22462 21099.9
7001.27 32327.1
11570.3 47704.5
39429.2 22119.3
46728.3 38680.4
12717.6 16320.9
1276.68 22522.8
3066.69 20302.3
15059.4 10859.5
4807.51 29294.8
43103.7 2801.02
36388.8 46424.1
49783.8 45170.2
10193 13134.2
31642.9 42275
14405.6 19432.6
24974.3 27436.5
12518.9 48313.2
19001 4166.58
40845 40388.3
6311.99 5443.49
7610.1 42663.6
34078.5 49850.5
13472.9 5687.3
14943.5 46420.1
596.658 9097.58
6178.97 1245.29
28099.4 7200.45
35188.4 10241.3
45163.2 35860.9
23348.3 27988.2
48205.6 5298.93
18496.8 38198.8
42952.9 9642.96
41970.4 41320.6
17176.5 6074.92
32879 4128.16
10548.8 38862.5
48507 47250
48241.2 40918.3
39248 3512.29
689.773 43188.4
47216.5 15251.9
23664.8 8596.4
5704.79 42844.8
35445.1 48249.5
19343.2 35817.9
10773 24824.1
615.133 48348.6
33553.2 49967.6
14141.2 28359.7
23699.2 49182.2
9786.22 43944.5
13810.8 4589.81
6809.12 6673.52
11234.7 34561.2
46424.2 36258.3
30317.1 13448.3
42362.2 8171.38
22243.2 28043.4
4775.33 49626.8
2571.29 22178
26695.7 38974.4
39519 41473.6
31804.7 13577.2
13812.1 47288.6
9269.4 46122.9
44672.3 35784.7
49287.8 11908.2
339.552 8137.47
30532.3 30159.1
17488.5 29161
11884 37245.8
5163.71 18271.3
8780.11 43139
30174.8 139.407
28262.6 292.848
4238.52 43234.8
46130 23871.9
25026.2 3759.71
27234 31426.2
20324.8 9954.41
3025.2 48983.4
48222.3 37228.7
13388.1 26303.3
16211.1 36098.2
16099.4 24437.4
11363.9 7720.41
13737.1 8565.36
12846.3 1872.26
15551.7 8902.92
19668 7096.34
5351.11 14412.3
21716.7 2333.04
91.6204 28762.6
45593.8 14686
20234.5 3237.24
8129.1 38432.6
35275.9 28838.4
46996.6 33003
44400.9 16245.8
40105 37820.1
22612 8405.16
46582.4 37947.6
27217.6 17385.9
22747.9 41384
17128.8 46074.6
19406.3 46067.6
6124.54 20955.9
20089.5 14118.7
29343.7 15734.7
33427.1 45364
33558.8 10355.5
28200.6 37569.2
30209.8 5082.49
47840.2 22003
5583.64 13077.3
4681.92 15951.6
46023.6 40146.1
45445.4 42811.3
40157.4 19458.3
14032.2 19719.6
46946.8 23725.3
15323.1 43472.8
28296.9 2799.25
39948.2 47766.8
28332.5 37050
5001.79 13200.8
34573.2 49888.4
933.664 20102.7
14624.7 10937.5
25217.5 45561.1
8239.86 47134.2
23265.6 4502.34
3334.09 19878.2
5804.26 14863.7
49592.5 37554
16356.5 7588.88
49132.3 37345.6
34176.1 25692.4
2884.99 40506.1
7678.29 14929.6
38112 34000.9
5520.42 49510.7
29798.9 18491.6
1743.41 42002.3
46395.3 44323.2
2256.83 42716.9
24088.6 46074.3
14194.7 49251.3
9373.15 43275.3
40121.6 48437.1
37202.3 12427.2
8037.26 1117.07
6171.55 15832.6
26801.3 33677.7
3192.57 19364.6
1996.1 9577.9
47037.9 10742.6
22471.8 25849
37628.6 46186.2
46804 34998.7
14164.3 20677.8
17499.3 8344.41
16017.8 121.048
6930.71 10682.1
3529.05 12499.8
22865.7 36615.3
25431.7 13443.8
18996.6 46873.1
31612.9 6374.61
13238.5 45688.5
47266.4 18530.5
49651.2 8147.97
13691.1 34564.1
30395.5 22412.2
22133.7 35839.9
18270.5 22404.2
22069.4 11742.1
9764.24 23936.5
17532.1 31013.1
46234.6 42908.8
4001.3 22288.4
24340.4 36413
19126.1 17706.5
42145 47884.3
45950.5 6930.38
40923.5 24669
48447.9 14249.3
41604.2 43903.6
41953.3 42442.9
4758.06 31924
37300.1 41539
48339.2 15858.6
44765 42111.9
17825.8 140.507
34740.1 46469.6
43396.2 9792.8
17851.2 15376
1645.55 29404.1
6469.95 687.843
3032.43 41931.9
607.92 44077.4
143.411 24289.8
29986.4 45967.8
34037.2 20291.5
36374.8 40603.4
6659.42 40928.1
6861.96 27875.9
4089.82 37708.4
45873.1 13442.5
33754.6 44845.1
47503.3 15323.1
49465 35859.8
32779.9 46586.4
28274 46571
27200.6 18850.7
41835.7 47403.4
10576 42089.5
11523.6 43431
32205 6359.88
1779.05 20063
23952.9 6972.17
39850.2 31881.8
40249.3 43906.7
34268.8 9499.03
18753.7 12048.4
17613.6 42203.5
47653 37870.5
9780.81 24100
34706.4 41478.3
6363.58 6482.76
49161.1 7845.22
22521.7 34800
31928.2 4125.65
44991 42924.4
28308.5 13963.9
11983.8 5345.72
24086 9582.97
17894.8 34270.6
21116.1 37216.7
48418.7 10050.4
6596.33 33739.4
8990.27 23184.6
48218.1 39896.8
44581 45955.8
26331.6 47779.4
20000.2 41167.3
35216.5 3221.23
6593.87 32461.2
976.679 38006.7
21403.2 38874.3
27904.8 21096.9
39772.1 41935.1
40457.4 27158.1
13961.6 9964.72
5826.49 175.674
35087.5 40030
45211.9 39538.1
7675.61 13159.6
19725 48879
35518.5 32172.5
25948 23146.6
20838.8 49893.3
9386.1 5748.13
22829.9 28361.6
25752.8 13968.9
26184.8 18117.1
11984.4 20631.7
1731.29 14399.9
13041.8 3101.62
40204.7 31396.3
26464.8 25274.9
6399.25 20289.1
37477.8 109.895
45991.8 27064.5
19698.8 25914.4
45037.9 45380.2
30056.8 42076.8
42170.1 27292.5
43344.6 8563.77
41346.4 49330.9
10062.6 30345.3
26728.9 40756.2
42853.2 11629.4
23843.8 39326.8
45965.6 34919
46077.3 26463
34463.1 650.593
13714.3 12256.3
18419 23999.5
40178.8 48059.7
37295 49870.2
11119.4 48459.1
749.857 20090.3
19064.5 2728.2
271.254 22442.8
39680.1 33624.2
34805 46546.1
11633.1 5774.52
19401.1 37914.8
43612.2 6042.5
9832.9 9167.31
20636.3 19247.7
27445.2 16586.1
32479.9 1541.28
25867.2 7385.69
45287.2 33577.5
35534.5 47673.3
39372.9 155.637
31499.6 18345
38963.7 35236.5
41070 33831.8
13697.8 14335.5
24475.1 4366.49
18224.4 45386.6
30329 38913.4
49786.2 17279.2
41777.7 14929.2
3.40023 19942.8
35548.9 25140.6
27692.9 10096.9
7279.86 254.821
16265 10825.7
39347.1 38618.5
45098.3 647.27
48602.7 49831.7
20664.8 24205.1
22497.2 8720.26
25301.2 22741.4
41860.1 48745.3
43428.4 41880.8
38041.3 7574.13
17026.2 10125.2
27967.7 37633.5
30655.2 4446.1
32614.7 13898.5
42285.3 36779.4
37319.5 1089.56
2238.41 5048.94
48424 33774.9
1099.85 43451.4
36636.1 41918.4
20085.2 38695.2
7200.31 23494.1
47969.2 20684.2
21529.9 46147.4
29228.3 6806.49
16892.2 30434.6
45272.1 44725.4
46936 42701.6
46982.5 16554.6
49933.1 41157.1
29055.3 14423.8
43878.6 11552.5
13079.8 13337.7
48854.7 49295.3
10060.4 17339.2
4862.15 34613.8
48984.3 38813.8
7906.15 5241.13
24909.2 8615.61
2321.48 42309.1
37511.1 35102.2
38586.8 7914.68
49481.2 39160.4
7822.37 40704.1
6376.31 9318.59
45411.3 35471.8
3810.16 2023.18
49379.9 39013.2
23766.5 49058.8
25300.4 36589.3
9222.46 30000.3
39383.4 26657.7
34207.2 1062.52
39364.7 20553.9
17487.2 22530.2
10170.4 25703.2
18493.9 24202.3
19812.7 45462.4
3362.46 25030.5
41618.9 30700
4446.35 6514.06
24372.2 45978.8
1448.64 7331.71
18603.1 10681
15133.2 16474.4
13028.6 19617.6
48336.2 49175.2
9949.02 42167.7
11493.3 9873.9
44039.3 28904.1
32714.7 26972
45025.6 22416.9
26832 7743.54
43567 14514.2
48822.8 15210.3
21078.2 45748.6
46817.7 11454.6
4495.16 3107.18
40932.4 39586.3
6184.33 17021.4
35104.4 1259.52
44792.7 11245.3
22707 29328.5
8239.63 886.044
25622.6 14432.2
46288.9 19660.4
25464 10953.1
36161.5 23849.6
280.742 6672.42
37560.7 42688.1
27089.7 32116.7
49157.8 12263.1
6855.62 12809.7
13800.2 20859.1
43718.2 18104.9
5017.26 16134.5
46603 35015.8
15105.8 21973
7711.54 14432.6
17272.1 8349.18
1306.44 37716.5
36959.4 43037.9
4936.05 16486.9
2146.74 47118.8
26363 4368.68
16697.4 38299.1
16127.5 32156.9
13246.8 34027.5
49927.5 31490.5
26887.7 46507.5
29273.2 16075.1
10936 4857.76
22767.2 48210.5
33372.5 41804.2
21672.8 12595.6
3197.49 18518.6
32575 23522.1
27662.9 12855.4
287.433 4485.36
5961.8 41631.9
25535.1 9342.5
30665.8 35238.8
9593.36 18710.8
7100.5 41297.6
29490 10241.3
27345.5 14752.8
23168.8 43705.6
28274.2 39048.4
25872 2834.09
23184.2 43904.2
47938.2 34106.2
10414.7 11008.3
42298.5 22059.9
40140.5 39227.9
1739.38 31762.4
24780.5 30423.4
4894.02 45860.2
49588.6 36544
17513.3 14246.6
21930.3 46466.1
12037 19837.3
5835.04 27400.9
42033.5 42250.4
17547.2 34246.3
20782.7 6381.73
10801.9 33486.2
13796 9320.94
48535.5 43788.3
18963.5 36802.3
43850.4 37695.4
9786.18 2501.39
26065.7 40184.6
12372.6 7001.77
17478.8 5082.2
7922.62 40401.4
29402.7 49795.4
18530.6 8140.56
4927.04 18502.5
5274.79 14729.2
32546.3 45366.9
49735.1 18608.3
13696.3 5058.64
3200.4 20041.1
35141.9 1508.12
39313.7 38240.5
46505.4 48974.9
2481.62 12076.8
12009.3 3714.53
21470.7 26690.7
34893 32850.7
889.878 11348.3
12057.5 24766.6
7243.55 12112.8
47286.4 19074.9
7766.16 20909
41860.1 45215.1
5143.99 2535.34
37979.7 38261.2
32646.1 48653.3
16607.9 43622.8
45224.9 29157.3
29440.8 3406.55
34894.3 8065.86
1907.93 38418.4
22207.8 43094
44635.6 18093.3
15628 34006.3
22702.2 40118.7
19139.5 15748.7
14255.5 48052.5
13047.5 10229.3
19950.6 26604.9
2835.12 45855.7
36291.4 12433.1
48903.1 44125.2
46190.1 45510.1
8569.75 18971.1
37273.6 41623.1
24023.2 9907.16
42221.4 23951.9
32595.2 17497.9
38339.3 32123.5
12352.5 13501.1
17654.6 45961.6
5595.24 44.6397
39360 48391.3
4288.34 871.87
42560.5 28542.7
30054.8 12533.3
35045.9 34444.7
6070.02 6360.17
9792.78 28950.4
40362.7 40856.3
42741.2 41424.9
4979.3 24183
21550.7 47078.7
38531.3 41401.1
16201.9 16297.1
2605.6 25121.9
9231.2 30211.4
16167.7 115
49436.3 30732
41568.7 15187.8
895.455 33316.1
21073.4 35858.1
19247.7 20144.3
12541.6 41916.4
23873.3 42421.8
29125.5 16361.4
26948.7 1654.71
13353.8 35528.2
25101.7 24378.2
41643.6 48832.8
18729.5 1586.27
8091.63 300.727
49687.1 29992.2
2824.63 19304.6
36277.7 8085.52
45282.8 16319.4
14465.2 48274.5
29023.8 22404
31132.8 47073.6
22470.7 23768.8
1830.58 38540.1
7150.19 6684.08
49316.4 3234.77
46422.9 46198.6
43321.5 35130.9
23842.8 12132.1
26479.4 42470.3
10140.4 24837.6
23881.8 49827.7
5493.66 10232.2
30401.6 49256.6
2609.07 40121.9
1613.05 16771.9
28243.7 378.974
34968.1 10890.3
37386 18107.2
49948.1 27532.5
39923.5 11635.2
12519.2 45079
1493.65 46832.1
24400.7 1969.53
37320.9 14741.1
36513 28976.2
49395 11544.6
33146.1 42095.2
40010.2 41303.3
42910.1 31568.4
763.874 20417.5
28904.9 46750.3
14841.2 19217.6
46.6776 31142.1
40281.2 49058.2
12939.6 31137.7
16632 49415.3
17734.5 38127.8
49164.9 38678.5
27660 49530.8
28054 11527.9
49657.3 30262.1
704.391 9708.21
44805.3 21464.7
40777.2 21602.6
20956.7 1404.55
1542.95 23654.3
39898.8 47115.8
13317.6 5088.98
5659.92 21636.7
28424.7 23126
5322.97 32571.5
42579.8 14664.7
6887.9 49945.7
49744.9 19332.4
4737.68 41512.5
12474.7 30580.7
14870.2 16073.3
5341.72 352.036
10347.8 24637.7
25956.9 4426.06
4141.71 22055.1
13066.4 44141.2
26272.7 12804.2
24040.5 31111
42447.9 46775.6
42377.7 5222.11
