18965.8 6044.87
23908.7 11497.8
23073.5 10324.6
7168.16 15584.6
14199.9 3979.5
36073.1 11813.3
467.991 44481.8
46105.6 49002.4
11226.5 12282.9
14404.9 28204.9
17998.6 29148.5
26622.4 49415.2
32448.3 1718.33
35750.4 19024.1
46181.9 14084.8
1377.72 9778
15152.8 48591.6
23162.8 24403.2
49079.6 27236.4
6356.56 25541.6
631.378 44513.9
42643.5 15517.2
38334.3 16076.5
48760.8 28680.9
39725.7 44372
18070.4 44128.7
49947 7314.59
42717.2 44073.3
19502.8 47353.3
18102.7 33396.1
24875.8 37068.3
29587 34077.8
37430.1 3594.8
48897.5 34938.2
3889.25 43881.3
18955.7 47510.4
47492.1 13397.6
31502.2 283.698
16854 11532.5
28901.3 10.1853
47382.6 30388.1
7480.65 48037.8
43259.4 17794.9
42568.5 46873.5
6632.66 6788.29
13124.1 49538.2
12836.5 6160.54
47650 25343.7
28544 9413.23
29481.6 11579
26472.5 6192.2
7974.25 47635.3
41066.9 10305.8
12338.1 23524.9
267.889 48073.5
7398.15 41508.1
19692.3 1474.37
14250 39905.2
3850.34 26660.9
23686.8 40261.1
38196.2 19689.7
9684.79 24446.9
49277.1 11771.6
27343.9 12156.8
20739 46703.7
23951 30083
44388.6 49981
4149.79 43561.2
1810.17 1825.04
2766.19 47446.2
21618.7 36367.1
42337.2 40813.1
42985.9 30772
2437.39 10862.1
30822.6 6291.17
4418.75 14058.2
24824 4545.41
49633.6 36514.4
25374.5 40819
16355.6 27068.8
1194.67 11526.6
18218.8 14305.9
22878.1 24042.6
45727.5 32540
41679.1 21608.7
12501.6 42079.8
29121.3 3519.82
35964.3 5541.35
18650.8 29401.2
7677.7 12147.4
28438.4 11014.8
47894.3 21514.2
24067 10621.6
19151 47752.4
35862.3 1646.15
19794.7 45424.4
37628.1 40384.1
34970.9 44496.1
22607.7 32871.1
22081.9 45494.7
46948.6 12416.8
17986 6912.61
37959.8 31651.9
1925.64 47228.7
17628.2 28589.8
25585 42632.4
38192.2 18076.6
45681.6 8283.36
36619.5 42440.2
45585.9 41192.7
7497.99 15053.1
4521.71 43836.2
33067.5 46466.6
42040.5 38778.4
41625 19504.6
47235.1 35813.3
22158.9 30471.1
6948.12 30931.9
3202.01 42406.3
9846.87 31786.1
49598.9 11878.9
7132.94 23758.2
6310.83 17967.9
248.735 7255.54
36891.4 42210
7764.55 19251.4
43977.1 17074.4
43464.7 43913.4
37087.9 11382.6
10020.9 31539.5
20426.4 24177.2
22494.5 13129.2
16544.3 2988.29
7426.97 21760
46883.1 45840
25605.6 43388.6
17813.5 41948.5
43491 12175.3
43066.1 7688.72
30499 7066.71
455.649 23958.2
46887.3 45761.8
44246.9 14454.1
2598.62 22419.5
25521.8 18985.3
30544.1 18215.2
21833.7 32044.1
13795 11569.4
17638 45826.6
20369.5 13262.3
6325.85 45864.3
37925.1 37318.9
32386.6 11025.1
12763.3 7891.18
35191.3 15382.2
22628.7 47312.8
37176.5 18515.2
6098.02 19591.3
21759 47968.3
43558.6 8944.81
23646.4 36466.9
22111 32439.8
44075.5 16864.9
47463.7 46424.7
42654 33538.7
45647.6 37804.6
49909.1 39966
35052.8 45051.5
41228.4 47736.4
23320.8 40316.4
12854.5 3561.52
9078 35821
19444.6 49792.3
1118.98 18744.8
23910.8 8687.82
38406.6 34286.4
21735 2061.48
37884 32943.2
5438.94 10889.8
18239.4 46706.9
7066.98 9829.64
17119.5 29298.4
1525.26 13922.7
28361.2 6261.89
28515.1 10253.8
4345.37 8978.76
36033.6 35651.5
28082.5 376.711
8808.45 45217.6
49119.1 26906.5
29557.3 38698.7
45092.8 48432.4
11925.6 27996
15474.4 49314.7
43939.1 14639.5
42619.6 28061.1
39961.9 19779.9
14967.6 14991.6
5794.32 25364.3
17473.3 1437.45
32486.5 35109.8
861.969 16690
42837 48148.9
13297.9 13327.6
14066.2 48900.1
8725.17 36633.8
12660.1 28371.1
2799.37 43407.1
22208.4 2615.95
36286.5 41065.7
40045.7 26275.7
36017.3 14289.5
25463.9 625.256
2604.83 44438.3
11510.4 16257.1
23245.7 31672.3
15972.1 46180.3
25681.4 4774.68
24620.5 13697.8
12108.9 15987.4
42404.6 18520.1
41009.3 36381.1
18434.2 156.742
8115.32 42184.6
7332.52 29686.5
14851.3 41850.7
20090.7 5767.2
47279.2 37498.9
29556.5 3731.55
10735.3 28212.9
5529.65 21827.9
12451.8 49219
49037.9 36945.1
45038.5 9904.1
37298.3 47790.7
821.997 43570.7
37315.2 39859.7
23071.1 22268.5
22639.4 8327.52
9480.82 11935.3
6885.33 41234.4
31768.6 15991.4
31459.6 37907.6
5798.52 21741.4
47184.2 31845.5
48150.6 40802
8684.34 13847.9
7248.7 20490.4
47633.7 34422.3
11589.2 27774.9
14416.3 9476.6
26005.4 46561.1
7037.24 5176.72
6787.52 22856.3
45543.1 37519.4
10059.8 16608.4
16773.4 26199
2643.2 42633.4
9530.55 1493.78
34037.3 16703.9
17016.7 27469.4
33049.5 3541.02
47139.6 33133.9
30689.8 299.262
42041.5 20553.5
12077.8 8836.01
27825.3 11142.4
17559.5 48097
33661.4 11848.5
1153.43 42106.6
40308 49215.3
37848.9 10724.5
12572.7 29145.2
7007.79 37250.2
33820.3 32902.5
16231.7 47412.1
23095.5 13761.6
4060.34 49932.6
4905.03 45686.3
43502.1 46720.3
28234.8 3398.13
35815 10485.2
4191.02 14640.2
36564.4 39234.6
27711.1 46931.8
42079.5 36940.9
38056.3 20924.1
11201.8 15356.4
11324.5 46428.6
2460.94 46539.5
16532.2 11353.7
19567.4 1531.77
3391.73 40550.4
20421.6 28059.5
6635.32 23829.1
33351.4 30.3151
41892.3 14772
33589.6 8762.82
10710.9 10592.1
27621.1 3452.84
32636.5 40533.1
37784.3 37493.8
18330.4 25601.5
2370.12 42529.8
2539.73 38770.1
26263.3 27266.4
44460.3 35965.7
46738.8 49376.7
48387.3 35677.2
41941.4 20237.2
18385.2 2607.36
44369.6 36089.1
35057.3 39444.2
762.883 10726.1
24248.9 42065
41991.3 11179.5
3810.66 11550.6
8730.32 11416.3
31441.8 49569.3
47660.8 49321.3
24319.5 12791.4
18238.1 11182.5
20483.8 9678.48
17947.3 8634.29
23415.6 34909.4
9450.04 49265.1
13176.4 5703.22
2038.36 12813.1
26647.9 2301.82
32351.6 39484.9
37693.2 40736.3
41019.1 48109.3
48748.7 34948.3
12661.7 14694.7
15776.3 49659
48781.5 27824
38730 17729
20347.2 44035.9
36900.4 37646.6
35371.5 15439.5
1081.75 18974.7
14753.6 45495.2
20220.2 5098.01
47018.8 30098.4
35370.6 32902.9
21540.8 26199.1
28607 36953.5
39800.5 35758.7
40449.2 3742.42
37342.3 7242.99
1387.78 14302.2
13523.2 40415
26281.6 49449.5
5851.97 16529.5
16411.2 5718.84
49081.9 39711.5
20731.5 5245.32
45940.4 42356.5
2400.98 13070.9
17961.1 26467.3
33501.9 8293.22
17820.6 9233.43
5933.71 43408.6
5372.85 12999.7
36768.6 42892
45038.2 12166
17597.7 47722.7
10036.5 19783.6
36685 45241.3
33983.1 20452.3
6926.82 12881
35154.7 43056.6
3620.35 24680.3
12610.1 28150.3
1192.48 3678.55
37145.1 43918
42832.9 7228.37
30997.3 16901.8
8911.29 13900.3
19784.2 25076.2
37637 17135.9
14903.9 24048.8
2690.04 41371.9
8689.36 24875.1
28845.3 36.3927
10696.3 21073.6
21983.3 41108.3
22911.3 11404.8
9353.44 24594.3
10049.6 18971
44065 36620.2
19971.8 8767.28
18629.1 12089.4
44387 9557.83
15957 5166.17
277.995 41682.6
30718.4 33849
16470.8 37123.1
47930.7 28453.7
16326 27459.1
38817 17114
40253 48748.9
31166.6 41167.2
15626.6 8439.77
3211.09 16568.7
34780 17252.9
6969.2 29247
651.734 47741.7
21475.3 8987.12
13318.3 37271.4
38154.6 47018.1
10653.3 26431.7
4276.55 10587.8
3602.31 48324.6
21052.9 41265.2
4748.57 13902.2
9178.2 38930.4
47042.4 34246.6
49058.6 37542.1
4949.62 41064.5
33862 7490.85
46004.3 48459.8
12219.6 20933.2
24288.5 7602.1
13484.3 30902.6
1405.05 3145.24
122.23 43633
30798.8 30930.8
22578 49438.6
10019.5 27446.2
35149.6 29850.5
3561.38 40549
29172 5396.82
13935.4 49516.6
18243 5771.98
27694.2 45558.6
38515 9265.99
9457.42 43858.9
13710.6 25783.6
38091.1 37687.4
37711 42935.7
22923.2 46433.6
43433.5 13915.5
23330.5 10771.6
4263.25 27782
7390.29 23850.5
47410.3 11692.1
22178.3 6797.67
10909 17742.3
3907.35 42707.5
29387.4 42279.1
23215.9 8283.63
12095 592.476
9520.17 43291.6
49206.5 39892.9
5418.54 46263.1
13483.2 38294.9
46620.1 34376.5
7026.28 4439.77
40806.1 36015.4
49914.2 29586.8
37755.4 30861.3
37115.4 1569.84
30178.4 14931.6
35703.6 5905
22218.1 32359.6
21944 42537.9
19649.4 6405.28
36091.3 37486.7
30464.1 2548.02
49141.5 45418.8
9893.19 43972.8
5134.95 8930.71
28865.6 5918.19
36572.9 37739
29367.7 36803.3
6270.13 47556.5
39579.3 35219
45479.2 43756.1
29230.5 18365.3
13323.3 28677.1
13444.7 41167.9
42856.4 15673.8
46233.2 38750
19486 13586.3
3982.37 27019.3
10083.9 22314.5
21250.2 14727.9
5823.48 36523.8
49989.1 2260.39
43617.7 47440.1
42924 42673.5
4141.01 17216.3
35777.3 44291.5
14405.6 26232.6
31419.8 24009.3
6196.93 44663.2
17432.4 1845.04
37417.9 33942.7
260.017 9525.59
12031.9 41395.6
26995.3 48084.4
6389.73 7453.33
20014.5 41168.9
6918.64 5447.58
4455.78 5510.34
23897.1 5329.46
30496.1 4649.14
41513.2 42182.9
27639.2 33894
45509.8 6619.05
25725.8 37182.8
36900.9 5560.85
36719.2 46391.6
24317 4557.17
27609.8 863.919
16870.8 42512.5
45537.9 40581.1
47478.1 33658.3
34884 890.141
7458.21 45923
49951.1 8483.44
17612.8 12678.5
12964.8 42081.8
42634.2 49517.1
24227.9 41242.9
8760.86 17806.9
2109.83 45716.9
40853.2 49967.6
17943.7 22722.2
30981.4 49691.4
13868.3 49996.5
8307.56 102.619
210.908 7836.97
9099.46 29276.3
46948.8 35679.7
37546.1 12432.4
35345 6159.22
22243.2 28043.4
4576.4 43930.3
9132.48 25378.1
32287.8 43666.7
32850.1 38504.5
36689.3 8152.22
16781.3 40619.7
7624.34 39524.9
49401.5 32146.7
42492 11670.9
3572.93 12072.6
28276.4 23216.4
19362.8 22624.4
6674.86 41616.7
2666.96 11411.6
1497.89 43648.3
28669.6 5990.44
20967 38.0815
10907.4 46204
19542.1 870.991
30884 37748.2
14732.6 5262.06
7340.91 46267.8
40922.3 37228.7
11622.1 19220.1
21879.9 36694
10848.2 29508.4
18663.9 7720.41
6441.5 8310.59
7756.28 2727.48
11260.9 14808.7
21617.5 12452.6
856.782 20164.7
28314.7 3978.11
91.6204 36062.6
38734 17182.8
13094.1 1719.48
13721.2 33740.3
37288 35855.6
41873.5 35501.7
37118.7 15736.5
43074.2 44488.9
28204.1 3712.81
43382.3 31386.4
33815.6 15740.8
25003.7 48326.7
23240.6 43093.6
12463.5 48323.5
9145.08 16122
14037.6 18200.8
32019.7 10701.9
33427.1 45364
34154.6 16024.2
31922.1 34865.3
27017.4 11086.5
48603.3 14743
1501.53 19129.3
9752.93 21202.8
38834.5 38878.5
43189.6 35868.6
12266.2 26802.7
39863.6 21959.3
17458.4 48757.8
28691.4 3608.16
37182.3 41554.7
23081.3 42121
10072.8 7949.64
35948.8 43497.2
678.897 27398.2
21387.4 10226.7
25895 47675.5
2350.89 43734.2
30125.4 2005.6
1736.38 21532.7
349.937 16846.2
46278.6 33686.4
21241.1 13013.8
46572 33809.3
39928.6 30186.7
9680.84 40743.5
2086.17 19621.9
38349.4 40796.8
8819.71 44539.3
35083.8 16356.3
956.732 43949.4
48427.5 39195.8
2850.6 42584.9
17354.7 45128
14194.7 49251.3
13455.3 49327.3
38748.7 45107.7
35347.6 9459.06
13943.1 5407.9
12840.4 12863.4
21550.2 38748.8
6842.57 25686.6
5396.1 15466.9
47037.9 10742.6
16149.8 29499
40828.7 39625
39575.1 33982.8
20486.3 24327.8
22857.8 12530.9
17535.5 7261.53
7946.67 17911
6729.15 19061
21598.1 29426.2
21140.9 7538
21281.9 48658.5
25975.4 10177.1
20427.6 46956.2
44245.9 13696.6
44269 5572.68
14454.1 41824.1
29632.4 15152.2
25560.9 42285.4
11327.8 24660
14840.4 10726.2
8041.05 19671.4
20028.8 24153.3
47809.8 41846.3
1989.15 29305.6
21843.6 29553.2
23416.9 23612.3
40187.8 44982.6
39505 10357.5
45615.9 30261.1
49211 6989.31
42916.4 49961.5
46508.6 43083.1
10009.2 26853
43861.3 38338.9
48839.5 9760.25
48914.9 39905.4
24016.5 4008.92
33472.5 39280.5
42633.2 17052.8
24412.4 12175.9
2408.61 36664.1
1718.62 4794.53
2201.06 46986.5
6611.96 47269.8
6812.29 27259
22903.2 47733.8
38729.6 14699.4
42911.4 42477.8
10527.8 47118.8
1790.96 22624.7
3326.77 44968.4
48369.9 6582.7
35856 38377.9
40486.1 13311
49719.7 28564.3
37987.1 48904.8
35042.4 43836.4
20117.5 20616.8
37143.3 41811.3
13976 47978.5
5886.12 39628.5
28824.8 2.65828
1444.24 25947.6
31036 5206.14
44141 37787.7
46694.8 47333.8
27535 8552.66
12286.5 14149.7
19625.8 49220.7
47653 37870.5
12277.6 17240.3
38133.5 35032.8
11255.1 11206.4
18439.6 40852
24668.2 4888.71
37691 42924.4
21512.7 13726.5
5200.38 5820.06
16790.5 9837.73
21544.8 27948.6
19350.1 44299.9
42366.8 5968.27
7105.55 26457.2
4266.59 28076.1
41200.9 41909
37497.8 44189.8
33520.7 49047
20946.6 47901.1
28547.7 252.051
4581.72 39478.4
4178.26 42129.8
14460.5 41130.1
31554.8 14775
45364.3 46627.4
33440.2 25145.9
6772.53 8697.09
11418.6 4868.02
42228 41547.8
49599.8 35300.7
4940.98 19928
23767.9 46190.9
31436.4 26120.5
31373 18262
28027.9 48625.7
12586.2 12309.3
23339.1 35643.8
28071.2 8761.73
31609.8 13232.4
6231.88 25126
1774.5 20091.8
5958.67 1335.59
39441.7 38656.3
26297.3 22880.8
13482.4 22055.1
36236.5 5468.92
42189.3 21427.1
12681.6 23902.3
48584.3 49318.9
35481.8 46961.5
49029.8 24795.7
37232.8 5582.84
37661.4 47533.6
14659.8 30505.8
19711.7 42768.3
39426.1 18074.9
27493.8 33004.8
48221.4 27976.2
43342.7 19694.6
29987.7 4939.03
9632.24 6204.36
18419 23999.5
38911.1 40870.6
40029.7 43101.8
10040.3 44814.2
436.872 26894.9
19128.8 2804.8
5250.54 18264.7
42649.3 40293
40473.7 45950.3
8029.68 11541.2
12458.3 40170.7
47262.2 12364.5
16775.6 11423.1
13867.9 21982.3
33890.7 13158.9
25219.9 778.222
18607.2 8148.75
48491.4 31727.5
41586.5 43591.1
32604.5 2890.27
38168.5 15375.8
41920.5 38760.3
42587.7 40972.3
7945.3 18829.9
19021.3 442.838
25364.8 43868.8
34411.2 44965.4
48767.7 10350.9
49006.6 13913.3
2769.21 13730.7
34281.3 32329.7
32725.7 12772.8
373.59 313.832
8969.49 10571
39546 44315.1
47416.7 5854.48
46855.6 46455.7
14553 21224.2
21507.4 3106.85
20930.2 27950.5
39585 46218.6
48262.3 38860.2
31181.5 10070.9
24043.5 8113.05
31394.9 44079
23638 2433.95
38035.7 15659.9
35551.4 37725.8
37319.5 8389.56
2928.54 10110.9
46474.5 39131.1
4935.92 44418.1
35620.1 34689.4
22851 44907.3
14340.8 21976.4
48193 15058.3
23296 39064.2
22145.2 8572.52
19051.8 26373.1
38189 46491.4
47753.5 41965.6
40122.8 19051.3
48233.1 35657.1
25186.9 20614.5
39154.9 16444
8585.47 7585.21
45654.6 42734.1
7513.11 23644
10914.1 38696
49239.1 31518.2
6332.85 9563.71
17627 9124.83
3914.62 42060.3
40589.1 31683.7
33515.8 13165.9
45851.1 36399.5
3825.43 46205.4
3879.56 16178.3
42211.2 42033
3300.94 9305.4
45996.3 35167.2
31062 49313.6
20247 41139.4
14797.9 31185.4
46052.2 23688.5
27190 3074.68
45555.5 16685.5
12595.7 17806.5
17030.2 28199.9
11353.4 25720.1
25303.5 49808.7
6331.63 18361.6
44819 37261.2
2331.86 7191.53
18619.7 41484.5
7086.1 11134.2
12041.9 13881.1
11706.1 22919.9
11761 12428.6
43265.2 43924
13817.4 35977
15987.6 4121.42
38614.3 24019.4
32969.5 34267.6
45025.6 29716.9
27427.9 13412.3
49618.9 10432.1
41805.6 13198.2
14773.3 43201.3
43214.2 17221.3
910.908 3458.06
33743.3 40854
2315.92 10830.7
28335.9 3994.15
47310.4 13676.6
15689.8 31340.6
2487.16 5380.37
30693.6 9181
49023.6 12892
28664.1 4391.87
40655.8 18097.2
3255.21 12905.6
37815.4 35392.5
23889.6 25555.5
5441.82 19461.1
14563.2 28119.1
43718.2 18104.9
2167.26 11198.1
48247.3 29952.6
17504.3 21889.3
12962.7 19503.6
9972.06 8349.18
2256.44 36071
39928.6 49706.8
5925.85 10873.5
6437.57 41213
20311 286.571
15052.4 31701.1
18453.3 25766.9
13756 26745.2
44027.5 30690.5
19605.5 45998.3
23082.4 12206.7
5764.11 280.421
26811 47991.9
37454.6 35752.2
21473.9 6899.04
600.89 22674
32320.2 16226.6
33349 13253
6027.85 7426.05
12821.6 44128.6
21040.8 15095
37461.7 35476.1
12092.1 23833.9
7863.56 34037.6
22821.1 7272.17
26329.5 21981.8
29220.8 47787.7
34180 43339.2
20258.9 1556.34
29952.6 46638.8
42407.5 35485.1
3969.19 7581.16
43479.3 15363.2
45785.1 40021.1
976.322 39022.5
29274.9 36175.9
3132.62 40439.2
47321.8 34222
12442.3 8995.43
24764.7 48844.4
8836.9 13276.1
11887 31483
38524.2 37758.8
22798.4 29175.3
25836.1 10931.8
6719.83 27434.3
20564.5 6586.31
45800.9 37019.8
26223.5 36039.2
42860.6 43308.8
9032.04 3828.52
19123 42440.5
17206.5 10022.3
12227.6 10153.2
15151.6 39385.5
32643.9 45806.1
13459.6 2889.38
8530.49 12735.7
1192.68 20781.2
36196.3 39044.9
48641.8 12666.5
6396.31 5058.64
2491.19 20595.2
36409.5 8697.21
44738.7 33355.8
48507.4 46014.8
232.115 18178.4
12772.3 10974.5
16045.7 31575.4
40506.4 31861
2906.38 15482.7
15026.6 31435.5
2693.47 17166.2
41617.6 19670.7
12650.8 26334
34671 43947.4
9638.32 8287.82
42061.8 32209.3
37142.7 45947.7
23169.1 46822.9
41715.6 33649
29440.8 3406.55
35850.7 12565.3
8925.14 40430.6
27799.9 47786.4
44635.6 10793.3
15882.8 41301.9
25902.4 46679.9
23136.4 10247.4
19330.9 47240.2
8492.3 9589.11
14358.5 31297.2
8410.57 44670.6
29102.3 11165.4
49411.7 38440.9
47174.5 44980
2517.77 14889
42865.7 46315.4
31283.2 10670.2
37089.5 11745.4
39857.1 39264
9617.92 6732.69
18701.4 48886.4
95.2356 1744.64
37451.4 45948.5
21.3822 3518.21
45760.6 35103.9
35668.2 13523.1
29453.7 29752.4
13210.5 4842.42
2933.03 31447.1
40362.7 40856.3
44008.9 48614
6358.25 18652.3
28313.4 47789.5
37585 34667.2
20492.7 22202.9
2485.79 30243
5804.06 36656.9
14285.7 6564.63
42353.1 32498.1
34485.5 13421.8
7086.21 29447.7
27518.9 39285.2
14214.9 22820.3
5943.61 40271.3
17104.8 45156.4
27857.9 9172.28
25372.5 1017.88
20122.2 38262.8
18367.8 23431.8
41643.6 48832.8
20671.7 3461.85
8510.17 6286.11
43018.2 32961.4
3940.34 19232.5
32195.6 2033.55
43521.4 21740.4
19796.6 47661
22255.4 25138.6
36238 47833.1
17045.7 28653.5
5257.72 32094.6
10753.6 12450.8
45608.8 1578.33
49303.1 42234.4
46566.6 33819.8
17790.9 16214.2
26479.4 42470.3
16701.5 21637.5
23881.8 49827.7
357.523 14420.3
27426 44990.9
596.916 47139.1
849.99 24031.9
31487 5187.39
28522.6 7463.2
44469.2 16341.1
42765.7 27030.3
33601.5 7985.17
5502.03 47091.2
1719.63 46386.1
20973.5 8415.05
30552.5 12006.4
41584 23725
44657.6 11174.1
37228.2 36043.2
40010.2 34003.3
47963.5 36118.5
3913.53 16663.9
31639.6 39981.8
19391.3 24271
3915.09 37332.8
39265.2 41829.2
15674.3 37906.1
22684 45333.2
10545.4 39395.4
49164.9 38678.5
25558.6 43063.6
22461.8 6835.57
44772.7 35687
4995.22 15614
49594.4 18504.3
38521.4 14659.9
22770.1 4745.44
8683.43 25172.1
40589.6 47948.2
11551.5 12172.1
935.892 23568.9
24342.6 17074
2826.22 39431.2
48171.9 9972.35
6812.58 43134.4
44492.4 14848
661.467 45074.1
19774.7 30580.7
13854.2 23302.2
2874.72 5704.97
4991.51 26587.2
19288 1456.88
2375.68 29138.2
16400.4 49662.5
19476.9 12566.9
16740.5 31111
48040 42083.2
36325.7 9304.21
