19169.2 5588.1
23908.7 11497.8
23276.9 10781.3
7168.16 15584.6
14559.6 4326.82
35658.6 11533.7
467.991 44481.8
45701.1 48708.5
11226.5 12282.9
14404.9 28204.9
17811.3 29612.1
26622.4 49415.2
32569.3 1233.18
35250.4 19024.1
46575.9 13777
1377.72 9778
15474.2 48208.5
23162.8 24403.2
49079.6 27236.4
6356.56 25541.6
428.009 44057.1
42643.5 15517.2
38823.4 16180.4
48760.8 28680.9
39725.7 44372
18070.4 44128.7
49947 7314.59
42717.2 44073.3
19502.8 47353.3
17669.6 33146.1
24442.8 36818.3
29227.4 33730.5
37919.2 3490.84
48897.5 34938.2
3408.62 43743.5
18955.7 47510.4
47961.9 13226.6
31926.2 548.658
16439.5 11812.1
29151.3 443.198
47313 30883.2
7086.64 47729.9
42912.1 17435.3
42568.5 46873.5
6397.92 6346.82
12889.4 49096.7
12379.7 6363.91
47290.4 24996.3
28111 9663.23
29652.6 12048.9
26023.1 6411.39
7479.12 47565.7
41187.9 10791
12338.1 23524.9
354.713 47581.1
7398.15 41508.1
19927.1 1915.84
14453.4 39448.5
4053.71 27117.6
23686.8 40261.1
38446.2 20122.7
10169.9 24325.9
49766.2 11667.7
26851.5 12070
20739 46703.7
24105.5 30558.6
43888.6 49981
3735.27 43840.8
1879.76 1329.9
2766.19 47446.2
21618.7 36367.1
41873.6 41000.4
42985.9 30772
2900.98 10674.7
30822.6 6291.17
4573.25 14533.8
24476.7 4905.08
49209.5 36779.3
25287.7 40326.6
15914.1 27303.5
1554.34 11179.2
17719.1 14323.4
22878.1 24042.6
46110.5 32861.4
41679.1 21608.7
12622.5 42564.9
29616.5 3450.23
36033.9 5046.22
18650.8 29401.2
7590.88 11655
28267.4 10544.9
48241.6 21873.9
24286.2 10172.2
19151 47752.4
36016.8 1170.62
19794.7 45424.4
37164.5 40571.4
35403.9 44746.1
22728.6 33356.2
22557.4 45649.2
47353.1 12710.7
17536.6 6693.42
37959.8 31651.9
1604.24 47611.7
17628.2 28589.8
26009 42897.4
38363.2 17606.8
45402 7868.84
37111.9 42527
46071 41071.7
7791.88 15457.6
4162.04 43488.9
33491.5 46731.6
42320.1 38363.9
41555.4 19009.5
47235.1 35813.3
22573.4 30191.5
7167.31 30482.5
3081.05 42891.4
9442.36 32080
49106.5 11965.8
7132.94 23758.2
6604.73 18372.4
25.5299 7268.94
36450 42444.7
8197.56 19001.4
44469.5 17161.3
43964.4 43895.9
37087.9 11382.6
10314.8 31944
20426.4 24177.2
22494.5 12629.2
16852.2 2594.29
6970.2 21963.4
46883.1 45840
25988.6 43710
18298.7 41827.6
43491 12175.3
43066.1 7688.72
30499 7066.71
870.168 23678.6
46887.3 45761.8
44727.6 14316.2
2379.44 22868.9
26007 18864.3
30544.1 18215.2
22052.9 32493.5
14294.7 11586.8
17373.1 45402.6
20369.5 13262.3
5830.72 45933.9
37426.4 37353.8
31916.8 10854.1
12299.7 7703.87
34987.9 15838.9
22893.6 47736.8
37176.5 18515.2
6098.02 19591.3
21260.2 48003.2
43777.8 8495.41
23241.9 36173
21907.7 32896.6
44075.5 16864.9
47463.7 46424.7
42550.1 34027.8
45313.1 38176.2
49874.2 40464.8
35485.8 45301.5
41124.5 47247.4
23777.6 40113
12362.1 3474.7
8683.99 36128.8
19392.3 49295.1
1306.28 18281.2
23910.8 8687.82
38112.7 33881.9
22149.5 1781.89
37408.5 32788.7
5438.94 10889.8
18633.4 47014.7
7316.98 9396.63
17119.5 29298.4
1525.26 13922.7
28157.9 6718.66
28765.1 10686.9
4837.77 9065.59
36085.9 35154.2
28563.2 514.53
8808.45 45217.6
49119.1 26906.5
29100.5 38902.1
45092.8 48432.4
11450.1 28150.5
15127.1 48955.1
44380.6 14404.8
42602.1 27561.4
39961.9 19779.9
15247.2 15406.1
5794.32 25364.3
17473.3 1437.45
32486.5 35109.8
48956 11631.3
554.138 16295.9
42837 48148.9
13657.6 12980.2
14118.5 49397.4
8725.17 36633.8
12660.1 28371.1
3274.89 43561.6
22697.5 2511.99
36786.2 41083.2
39858.4 26739.3
36252.1 13848
25857.9 317.425
2952.16 44798
11475.6 16755.9
22937.9 31278.3
15972.1 46180.3
26156.9 4620.17
25101.1 13560
12108.9 15987.4
42404.6 18520.1
41009.3 36381.1
18434.2 156.742
8474.99 42531.9
6837.38 29616.9
14457.3 41542.8
20355.6 5343.17
47279.2 37498.9
30005.9 3512.36
10441.4 28617.4
5889.32 21480.6
12686.6 48777.5
48568.1 37116.1
45538.2 9921.55
36805.9 47877.5
618.628 43113.9
37007.4 40253.7
23418.4 21908.9
22535.4 7838.45
9944.41 11748
7342.1 41031
32116 16351.1
31459.6 37907.6
5763.65 22240.2
47132 32342.7
48220.2 40306.8
8684.34 13847.9
7741.11 20403.5
48133.4 34439.7
11132.5 27571.5
14416.3 9476.6
26005.4 46561.1
7158.21 5661.87
6787.52 22856.3
45984.6 37754.1
9840.6 16159
16773.4 26199
2643.2 42633.4
10006.1 1339.27
34537 16686.5
17351.3 27841
33370.9 3924.05
47157.1 33633.6
30689.8 299.262
42041.5 20553.5
11582.7 8905.6
28090.3 11566.4
17839.1 48511.5
34158.7 11796.2
1153.43 42106.6
40014.2 49619.8
37779.4 10229.4
12710.5 29625.9
7257.79 36817.2
33387.3 32652.5
16231.7 47412.1
23095.5 13761.6
3669.09 49849.4
4922.48 45186.6
43016.9 46841.2
28252.2 3897.83
35322.6 10398.3
4173.57 14140.5
36329.7 39676.1
27431.5 46517.3
42400.9 36557.9
38056.3 20924.1
11201.8 15356.4
11324.5 46428.6
2958.2 46591.7
16936.7 11059.8
20037.2 1360.76
3044.4 40190.8
19980.1 28294.3
6635.32 23829.1
33571.2 208.314
41570.9 15155.1
33572.1 8263.12
10710.9 10592.1
27621.1 3452.84
32253.5 40854.5
38247.9 37681.1
18787.2 25804.9
2604.86 42971.2
2192.4 38410.5
26738.8 27111.9
43961.5 36000.6
47060.2 49759.7
48004.3 35355.8
42335.4 20545.1
18385.2 2607.36
44369.6 36089.1
35057.3 39444.2
745.433 11225.8
24231.5 42564.7
42351 11526.8
3311.88 11515.7
8730.32 11416.3
31082.1 49222
47591.2 49816.4
24319.5 12791.4
18238.1 11182.5
20280.5 10135.3
18294.6 8993.96
23763 35269.1
9078.47 49599.7
12676.7 5685.77
1557.73 12950.9
26647.9 2301.82
32455.6 39974
37710.7 40236.6
40569.7 48328.5
48748.7 34948.3
12382.1 14280.2
15676.3 49959
48340 27589.3
38730 17729
20364.7 43536.2
36665.7 38088.1
35558.8 14975.9
1081.75 18974.7
14684 45990.3
20695.7 5252.52
47018.8 30098.4
34929.1 32668.2
21181.2 26546.4
28192.4 36674
39800.5 35758.7
40796.5 3382.75
37204.5 7723.62
1440.04 13804.9
13523.2 40415
26664.6 49770.9
6347.11 16459.9
15996.6 5439.24
49538.7 39914.9
20852.5 5730.47
45940.4 42356.5
2555.49 13546.4
18065.1 25978.2
33364.1 7812.59
17499.2 9616.46
5434.93 43373.7
5829.62 12796.3
36768.6 42892
45508.1 12337.1
17597.7 47722.7
10036.5 19783.6
36581 45730.4
34452.9 20623.3
6926.82 12881
34679.1 42902.1
3433.05 24216.7
12610.1 28150.3
1244.75 3181.29
37348.4 43461.3
43265.9 6978.37
31151.8 17377.3
8496.78 14179.9
19784.2 25076.2
37156.4 16998.1
14903.9 24048.8
2190.04 41371.9
8689.36 24875.1
29204.9 383.722
10696.3 21073.6
22377.3 40800.5
23381.2 11575.8
9725.01 24928.9
10049.6 18971
44540.6 36774.7
19971.8 8767.28
18196.1 11839.4
44867.6 9420.01
16278.4 5549.19
381.951 41193.5
30226 33935.8
16384 36630.7
47583.4 28813.3
16789.6 27646.4
38817 17114
40709.7 48545.6
30795 40832.6
15861.3 7998.3
3245.96 16069.9
34284.8 17322.5
6493.67 29092.5
806.242 47266.1
21975.3 8987.12
12876.9 37036.6
37665.5 47122
10947.2 26027.2
3776.55 10587.8
3322.72 48739.1
21052.9 41265.2
4644.62 14391.3
9412.94 39371.8
47042.4 34246.6
49023.7 38040.9
4949.62 41064.5
33879.4 6991.16
46004.3 48459.8
12219.6 21433.2
24288.5 7602.1
13297 30439
1542.87 2664.61
122.23 43633
31017.9 31380.2
22812.8 48997.2
9832.18 26982.6
35236.4 30342.9
3811.38 40116
29172 5396.82
13627.6 49122.6
18462.2 5322.58
28193.9 45541.2
38971.8 9062.62
9457.42 43858.9
13416.7 25379.1
37856.4 38128.8
37711 42935.7
23421.9 46468.5
43029 14209.4
23330.5 10771.6
4513.25 27349
7042.96 23490.9
47410.3 11692.1
22023.7 6322.14
11342 17992.3
3907.35 42707.5
28938 42060
23319.8 8772.7
12454.7 245.147
9674.67 42816.1
49206.5 39892.9
4918.84 46245.6
13483.2 38294.9
46620.1 34376.5
7026.28 4439.77
40719.3 36507.9
49726.4 29940
38254.2 30896.1
37253.2 1089.21
30178.4 14931.6
35703.6 5905
22183.2 32858.3
21572.4 42872.5
19157 6318.46
36143.5 37984
30961.4 2600.29
48781.8 45766.1
10112.4 44422.2
4665.11 9101.72
28865.6 6418.19
36225.6 38098.7
29280.8 36310.9
6535.09 47980.5
39798.5 34769.6
45976.4 43808.4
28766.9 18552.6
12890.2 28927.1
13444.7 41167.9
42621.6 16115.3
46728.3 38680.4
19022.4 13773.6
3540.89 26784.6
9603.27 22176.7
20826.1 14462.9
5753.89 36028.6
49899.6 2563.7
43122.6 47370.5
43393.9 42844.5
4555.53 16936.7
35777.3 44291.5
14405.6 26232.6
30978.4 24244.1
6629.94 44913.2
17167.4 1421.02
37652.6 34384.2
674.535 9246
12031.9 41395.6
27480.5 48205.4
6874.88 7332.37
19667.2 41528.6
6485.63 5697.58
4455.78 5510.34
23897.1 5329.46
30817.5 5032.16
41763.2 41749.9
27345.3 33489.5
45951.3 6384.32
25230.6 37252.4
37315.4 5840.44
37078.9 46044.2
23827.9 4661.12
27944.4 492.346
16437.8 42262.5
45741.2 41037.8
47530.4 34155.6
35369.1 769.18
6994.62 45735.7
49763.8 8947.03
18027.3 12398.9
12467.5 42134.1
42141.8 49430.3
23893.3 40871.3
8898.68 18287.5
2109.83 45716.9
40353.2 49967.6
17943.7 22722.2
30482.6 49656.5
13588.7 49582
8601.65 218.851
112.428 7854.33
9099.46 29276.3
47443.9 35610.1
37051 12502
35825.6 6297.04
22243.2 28043.4
4576.4 43930.3
8683.09 25158.9
31904.8 43345.3
33306.9 38707.8
36354.8 8523.79
16577.9 41076.5
7624.34 39524.9
49604.8 32603.5
42492 11670.9
3074.15 12037.7
28431 23691.9
19362.8 22624.4
6674.86 41616.7
2837.97 11881.4
1996.68 43613.4
28687.1 5490.75
21466.7 55.5313
10450.6 46000.6
19849.9 476.986
30634 37315.2
15115.7 5583.46
7203.09 46748.4
41422.3 37228.7
11743 19705.3
21879.9 36694
11207.8 29161
18163.9 7720.41
6941.2 8328.04
7975.47 2278.09
11554.7 14404.2
21617.5 12452.6
1164.61 19770.7
28314.7 3978.11
91.6204 35562.6
39203.9 17011.8
13583.1 1823.44
13338.2 34061.7
37150.2 35375
41873.5 35501.7
37617.5 15771.4
42870.8 44032.2
27821.1 4034.21
43601.5 31835.8
33815.6 15740.8
24849.2 47851.2
23240.6 43093.6
12939.1 48168.9
9145.08 16122
14452.1 17921.2
32019.7 10701.9
33427.1 45364
34154.6 16024.2
31922.1 34865.3
27017.4 11086.5
48551 15240.3
1781.12 18714.8
9405.6 20843.1
39326.9 38965.3
43344.1 36344.1
12387.2 26317.6
40348.8 22080.3
17458.4 48757.8
28472.2 3158.76
37182.3 41554.7
23441 41773.6
9725.47 8309.31
35896.5 43994.5
696.347 26898.5
21387.4 10226.7
25981.8 48168
2350.89 43734.2
29655.5 2176.61
1389.05 21892.4
349.937 16846.2
46775.9 33738.7
20906.6 12642.3
46572 33809.3
39534.6 29878.9
9680.84 40743.5
2469.19 19300.5
38349.4 40796.8
8648.7 45009.2
35083.8 16356.3
769.428 44413
48787.1 39543.1
2850.6 42584.9
17354.7 45128
14194.7 49251.3
13175.7 48912.8
38952.1 45564.4
35347.6 9459.06
13538.6 5114.01
12383.7 13066.8
21909.8 38401.4
6592.57 25253.6
5396.1 15466.9
47037.9 10742.6
16582.8 29249
40609.6 40074.4
40070.2 34052.4
20053.3 24077.8
22857.8 12530.9
17431.6 6772.45
7877.09 17415.9
6509.97 18611.6
21684.9 29918.6
21434.8 7942.51
21675.9 48966.3
25975.4 10177.1
19935.2 46869.3
44245.9 13696.6
44758.1 5676.63
14401.8 41326.8
29684.7 15649.5
25326.1 41843.9
11803.3 24505.5
15335.6 10795.8
8041.05 19671.4
19857.8 24623.2
48224.3 41566.8
2126.96 28825
22014.6 30023.1
23123 23207.8
40187.8 44982.6
39946.5 10122.8
45294.5 29878.1
49158.7 7486.57
42416.7 49978.9
46508.6 43083.1
9649.57 27200.4
43411.9 38558.1
49320.1 9898.07
49356.3 39670.7
23592.5 3743.96
33559.3 39772.9
42685.4 16555.5
23963 12395
2356.35 36166.8
2040.01 4411.51
1866.5 46614.9
6611.96 47269.8
6355.52 27055.6
23388.4 47612.8
38408.2 15082.4
42911.4 42477.8
10262.9 46694.8
2138.29 22984.4
3379.03 44471.2
48198.9 7052.55
35856 38377.9
40966.7 13448.8
49702.3 29064
37987.1 48904.8
34578.8 44023.7
20602.6 20495.8
37464.7 42194.3
13976 47978.5
5886.12 39628.5
29012.6 355.837
968.707 25793.1
30550.9 5327.1
43847.2 37383.2
46253.4 47099.1
27535 8552.66
12286.5 14149.7
19488 48740.1
47653 37870.5
12106.5 17710.1
37898.8 35474.3
11255.1 11206.4
18719.2 40437.5
25165.4 4836.45
38191 42924.4
21512.7 13726.5
5200.38 5820.06
17290.2 9820.28
21294.8 28381.6
19471.1 43814.7
42781.3 6247.87
7070.67 26956
4266.59 28076.1
41681.5 41771.2
37983 44310.7
33028.3 48960.2
20946.6 47901.1
29004.4 455.42
4719.53 38997.7
4178.26 42129.8
14936 40975.6
31304.8 15208
44981.2 46306
33920.8 25283.7
7264.93 8783.91
11035.6 4546.63
41738.9 41443.8
49959.5 34953.4
5128.28 19464.5
23767.9 46190.9
31716 26535
31001.4 18596.5
27535.5 48712.5
12367 11859.9
23304.3 35145
28071.2 8761.73
31238.2 13567
6625.89 24818.1
1298.98 19937.3
6443.81 1456.55
39493.9 38159
26297.3 22880.8
12997.3 21934.2
36236.5 5468.92
42189.3 21427.1
13162.2 24040.1
48918.9 49690.5
35110.2 46626.9
48560 24966.7
37232.8 5582.84
38110.8 47752.8
14659.8 30505.8
20192.3 42630.5
39660.8 17633.4
27243.8 33437.8
48066.9 28451.8
43530 20158.2
30281.6 4534.52
9911.83 6618.88
18419 23999.5
38997.9 41363
39842.3 43565.4
10194.8 45289.7
39.0635 26853.1
18807.4 2421.78
4867.52 18586.1
42445.9 39836.3
40473.7 45950.3
8029.68 11541.2
12933.9 40016.2
47012.2 11931.5
16300.1 11268.6
14331.4 21795
33449.2 13393.7
25717.2 830.486
19104.4 8096.49
48924.5 31477.5
41172 43870.7
33068.1 2702.96
37711.7 15579.1
41920.5 38760.3
42483.8 40483.2
8339.31 18522
19342.7 59.8155
24875.8 43972.8
34131.6 44550.9
48854.5 10843.3
48511.5 13982.8
2769.21 13730.7
34368.1 31837.3
32725.7 12772.8
483.999 17.5043
9469.19 10588.4
39546 44315.1
47213.3 5397.71
47350.7 46525.3
14553 21224.2
21507.4 3106.85
20930.2 27950.5
39585 46218.6
48262.3 38860.2
31651.3 9899.87
23562.8 8250.87
31160.1 43637.5
24118.7 2571.77
38035.7 15659.9
35551.4 37725.8
37319.5 7889.56
2556.97 9776.37
46474.5 39131.1
4436.23 44435.5
35689.7 35184.6
22851 44907.3
13851.7 22080.3
48656.5 15245.6
23175 39549.3
22630.3 8451.55
19051.8 26373.1
38674.1 46370.4
48125 41631
40592.6 18880.3
48733.1 35657.1
25451.9 20190.5
39154.9 16444
8893.3 7979.22
45873.8 43183.5
7513.11 23644
10499.6 38416.4
49221.6 32017.9
6332.85 9563.71
18125.8 9089.95
3914.62 42060.3
40589.1 31683.7
33863.1 12806.2
45851.1 36399.5
3825.43 46205.4
4050.57 15708.5
42430.4 41583.6
3335.82 8806.62
46488.7 35254.1
30562.3 49296.1
20247 41139.4
14797.9 31185.4
45595.5 23891.9
27670.6 2936.86
45131.4 16950.4
12595.7 17806.5
16560.3 28028.9
11842.5 25616.1
25021.8 49833.3
6128.27 18818.4
44599.8 36811.8
1839.46 7278.35
19013.7 41792.3
7086.1 11134.2
12491.3 13661.9
11940.8 22478.5
11847.8 12921
43612.5 44283.7
13552.5 36401
15679.8 4515.42
38985.9 24354
32952.1 33767.9
45025.6 29216.9
27427.9 13412.3
49204.4 10711.7
42286.2 13336
14773.3 43201.3
43214.2 17221.3
910.908 3458.06
34235.7 40767.1
2580.88 11254.7
28799.5 3806.85
47310.4 13676.6
16170.4 31202.8
2881.16 5072.54
30346.3 9540.67
48836.3 13355.5
28444.9 4841.26
40348 18491.2
3020.48 12464.1
37798 35892.2
24108.8 26004.9
5441.82 19461.1
14511 27621.8
43718.2 18104.9
2167.26 11198.1
48594.6 30312.2
17504.3 21889.3
12603.1 19156.3
10472.1 8349.18
2006.44 36504
39725.2 49250
5925.85 10873.5
6143.68 41617.5
20725.5 566.167
15052.4 31701.1
18453.3 25766.9
13721.2 27244
44027.5 30690.5
20104.2 46033.1
23506.4 12471.7
6044.44 134.084
26811 47991.9
37175 36166.7
21473.9 6899.04
335.931 23098
32337.7 16726.3
33349 13253
5558 7255.04
12351.7 43957.6
21348.6 14701
37461.7 35476.1
12092.1 23833.9
7811.3 34534.8
23277.9 7475.54
26399.1 21486.6
28806.2 47508.1
33775.5 43045.3
20508.9 1123.32
29489 46451.5
42407.5 35485.1
4410.66 7815.9
43479.3 15363.2
45785.1 40021.1
1028.59 38525.2
28967 35781.9
3132.62 40439.2
47321.8 34222
12789.7 9355.1
25147.7 49165.8
9056.09 13725.5
11472.5 31203.4
38524.2 37758.8
22438.7 29522.7
25836.1 10931.8
6999.42 27848.8
20100.9 6773.61
45988.2 37483.4
25726.2 36091.5
42860.6 43308.8
9014.59 3328.83
19598.5 42286
17206.5 10022.3
12587.3 9805.88
14656.4 39455.1
32626.5 46305.8
13807 3249.05
8530.49 12735.7
1472.28 20366.7
35946.3 39477.9
49141.5 12684
6896.31 5058.64
2097.18 20903
36322.7 8204.81
44367.1 33690.4
48815.3 46408.8
232.115 18178.4
12720.1 10477.3
16417.3 31240.8
40506.4 31861
2906.38 15482.7
14823.3 30978.7
2693.47 17166.2
41617.6 19670.7
12316.3 25962.4
35163.4 44034.3
9330.49 7893.82
41782.2 32623.8
36908 46389.1
22719.7 46603.8
41715.6 33649
29440.8 3406.55
35850.7 12565.3
8444.51 40292.7
27416.9 47465
44635.6 11293.3
15865.3 40802.2
25683.2 46230.5
23136.4 10247.4
19096.2 47681.7
8492.3 9589.11
14741.5 30975.8
8410.57 44670.6
29594.7 11252.2
49411.7 38440.9
47650 44825.5
2932.29 15168.6
42482.7 45994
30785.9 10618
36781.7 12139.4
39753.1 38774.9
9805.22 7196.28
18701.4 48886.4
95.2356 1244.64
37759.3 46342.5
118.151 3130.09
45541.4 34654.5
35668.2 13523.1
29836.8 30073.8
12721.4 4946.37
3402.87 31276.1
40362.7 40856.3
43922 48121.6
6358.25 18652.3
28313.4 47789.5
37585 34667.2
20198.9 21798.4
2102.77 29921.6
6038.79 36215.4
14389.6 6075.56
42838.3 32377.1
34970.6 13542.7
6662.18 29712.7
27077.4 39050.5
14214.9 22820.3
5943.61 40271.3
17568.4 44969.1
27944.7 9664.69
24908.9 830.58
19658.6 38075.5
18367.8 23431.8
41643.6 48832.8
20312.1 3114.52
8510.17 6286.11
43475 32758
3455.19 19353.5
32475.2 2448.07
43521.4 21740.4
19625.6 48130.8
22719 24951.3
35890.6 48192.8
17417.3 28318.9
5022.99 32536.1
10753.6 12450.8
45888.4 1163.81
49597 41829.9
46566.6 33819.8
18205.4 15934.6
26479.4 42470.3
16252.1 21856.7
23881.8 49827.7
77.9269 14005.8
27719.9 45395.4
734.735 46658.5
902.254 23534.6
31487 5187.39
28964 7697.93
43984.1 16462.1
43264.4 27065.2
34034.5 8235.17
5982.66 46953.3
1806.45 46878.5
21208.3 7973.57
31016.1 12193.8
41236.7 24084.7
44657.6 11174.1
36948.6 36457.8
40010.2 34503.3
47963.5 36118.5
3592.14 17046.9
31452.3 40445.4
19391.3 24271
3650.13 36908.8
39334.8 42324.4
15487 37442.5
22269.5 45612.8
11037.8 39308.6
49164.9 38678.5
25558.6 43063.6
22844.9 7156.97
45107.2 35315.4
4701.33 15209.5
49698.4 18993.3
38675.9 15135.5
22520.1 4312.43
8194.35 25068.1
40589.6 47948.2
11672.5 11687
466.046 23740
24622.2 17488.5
2997.23 38961.4
47788.9 10293.7
6847.46 43633.2
44886.4 15155.8
523.649 44593.4
19274.7 30580.7
13923.8 22807.1
2961.54 5212.56
4991.51 26587.2
19744.8 1660.25
2496.64 28653.1
15943.6 49865.9
19476.9 12566.9
17240.5 31111
47657 42404.6
36740.2 9024.62
