13596.9 18103.7
23908.7 11497.8
18904.8 1453.15
7168.16 15584.6
4959.21 5343.06
39306.3 13994.1
46591 49355
11226.5 12282.9
14404.9 28204.9
18223.4 28592.2
26622.4 49415.2
32037 3367.83
38550.4 19024.1
1377.72 9778
14767.2 49051.2
6356.56 25541.6
1322.83 46066.9
42643.5 15517.2
35595.5 15494.3
39725.7 44372
18070.4 44128.7
19502.8 47353.3
29534.2 39996.1
36307.3 43668.3
39082.3 43247.3
24518.6 6339.23
48897.5 34938.2
7638.17 44956.3
18955.7 47510.4
46928.2 13602.8
31926.2 548.658
18263.4 10581.9
30201.3 2261.85
49219.6 17316.6
8820.26 49084.4
42568.5 46873.5
8463.6 10231.8
15301.4 48946.8
13384.6 5916.5
29063.7 9113.23
28524 8947.89
27011.7 5929.18
11836.3 48178.1
38961.9 2276.55
12338.1 23524.9
19410.6 944.597
13558.5 41458.3
23686.8 40261.1
37346.2 18217.4
6967.96 25124.2
29018.1 12452
20739 46703.7
19872 17529.1
45488.6 47081
1573.58 3508.49
44933.3 39764.2
9614.17 8070.3
30822.6 6291.17
3553.5 11395.3
26769.1 2531.25
48107.1 37468.2
25669.7 42493.2
16885.3 26787.1
763.068 11943.4
31410.8 13845.2
12090.3 40430.3
16049.8 5356.9
35880.8 6135.51
18650.8 29401.2
7972.9 13821.6
29019.8 12612.2
38724.8 12018.9
23804 11160.8
19151 47752.4
19794.7 45424.4
21930.3 30154.2
19418.9 44629.5
45573.3 11417.6
19513.9 7657.84
10410.4 37116.9
17628.2 28589.8
25076.2 42314.5
37234.5 20707.8
47862.5 11516.6
36028.6 42336
32778 44386
7145.32 14567.7
5744.59 45017.1
47235.1 35813.3
6395.38 29598.3
4665.04 15702.6
1720.98 6405.54
37087.9 11382.6
20426.4 24177.2
22494.5 14829.2
14143.2 6061.54
8980 21068.6
46883.1 45840
25146 43002.9
16164 42359.8
43491 12175.3
30499 7066.71
10404.1 17247.9
46887.3 45761.8
42612.8 14922.7
2861.65 21880.2
16047.2 20180
12096.1 11510
18538.9 47268.3
19397.4 44027.2
49561.8 36004
14339.5 8528.01
35435.4 14834
21144.9 44938.3
37176.5 18515.2
6098.02 19591.3
24552.2 47773
41849 12450.1
34325.4 44225.6
47463.7 46424.7
48257.2 34906.4
48069.5 39035.4
41353.2 48323.3
22772.7 40560.4
16695.3 4238.75
32294.8 48642.8
23910.8 8687.82
46165.4 44965.4
19413.7 3627.22
5438.94 10889.8
15166.1 44305.8
17119.5 29298.4
1525.26 13922.7
29500.1 3703.96
27665.1 8781.6
2671.19 8683.56
23580.4 11361.3
8808.45 45217.6
45092.8 48432.4
15682.8 49530.5
43409.3 14921.2
13401.9 12670.3
5794.32 25364.3
17473.3 1437.45
2585.82 18896.4
42837 48148.9
13888.5 47209.4
12660.1 28371.1
9296.9 5360.38
23094.5 40605.1
44990.6 14036.9
35735.6 14819.3
15062.2 8751.99
31372.4 42074
15972.1 46180.3
21972.3 5979.85
11931.8 17336.2
18434.2 156.742
25253.1 49977.4
19772.7 6276.03
47279.2 37498.9
27039.8 4958.99
11088 27727.5
12170.1 49748.8
38701.3 40707.3
31846.6 9443.42
40055.8 47304.5
9241.78 47484.4
37684.6 39386.9
21126 24282.7
22992.8 9990.37
5993.84 18948.3
48067.1 41396.1
8684.34 13847.9
3407.95 21167.6
15152.1 29361.1
14416.3 9476.6
26005.4 46561.1
6625.98 3527.22
10805 18136.4
16773.4 26199
977.934 7532.22
15143.2 25388.6
23581.3 5480.91
30689.8 299.262
25149.3 6998.93
26924.4 9700.69
15993.7 45775.7
20533.8 13228.3
48066.8 38536.3
37932.4 11318.7
12104.1 27511.1
16231.7 47412.1
23095.5 13761.6
4871.2 46117.8
4845.7 47385.3
45151.6 46309
28213.8 2798.5
37489.2 10780.4
4327.13 18537.9
37362.5 37733.6
28661.7 48341.2
38056.3 20924.1
11324.5 46428.6
1864.22 46476.7
19003.6 1736.98
33183.8 349.577
49734.3 5426.29
10710.9 10592.1
27621.1 3452.84
25545.5 32549
16777.4 24910
11709.2 48265.4
46156.1 35847.2
45646.1 48074.4
49689.6 36769.9
18385.2 2607.36
44369.6 36089.1
35057.3 39444.2
860.602 7927.81
24269.9 41465.4
32496.1 2009.96
6603.84 11745.9
8730.32 11416.3
40556.6 40994.3
49497.8 36249.8
24319.5 12791.4
18238.1 11182.5
20727.9 9130.35
17530.5 8202.68
14246.2 25414.2
10713.4 48127.6
17074 5839.32
14727 9174.67
26647.9 2301.82
37672.3 41335.9
43535.7 46881.8
48748.7 34948.3
15776.3 46859
38730 17729
20287.9 45734.8
35146.7 15995.8
1081.75 18974.7
16590.7 32423.7
16511 3892.85
31036.1 17029.6
39550.3 44334.9
38504.1 5756.57
37507.7 6666.24
980.117 18180.8
13523.2 40415
16169.8 40964.7
16908.6 6054.35
20900.1 7161.46
45940.4 42356.5
1875.65 11454.1
17836.4 27054.2
20327.5 6245.86
8726.89 43603.9
1810.02 14586
36768.6 42892
32634.3 7651.38
17597.7 47722.7
10036.5 19783.6
37495.8 41426.6
21579.2 15937.7
6926.82 12881
37817.6 43921.8
8565.16 36919.1
12610.1 28150.3
899.805 6463.21
36901 44466.2
40408 8628.37
9408.72 13564.7
19784.2 25076.2
8689.36 24875.1
31506.8 2606.63
10696.3 21073.6
20643.7 42154.9
22347.5 11199.6
10049.6 18971
31511.1 32541.2
19971.8 8767.28
43810.2 9723.21
15571.3 4706.54
16957 39880.5
12710 25998.1
38817 17114
38699.9 49440.4
40976.1 49999.7
14828.5 9940.78
3169.23 17167.2
36463.4 17016.3
20875.3 8987.12
49263.9 44452.2
10300.6 26917.1
7076.55 10587.8
4552.94 46915.3
21052.9 41265.2
5102.02 12239.4
47042.4 34246.6
49253.9 34748.9
46004.3 48459.8
12219.6 19233.2
24288.5 7602.1
13709 31458.9
633.266 5836.78
25012.3 19066.7
22296.3 49968.4
14964.3 39685
32857.5 16851.1
5207.53 49697.8
29172 5396.82
13891.1 49297.5
17015.6 8288.6
25995.3 45618
36962 9957.45
9457.42 43858.9
15356.4 28048.9
37711 42935.7
20130 46238.3
46588.7 11623.1
23330.5 10771.6
3996.96 37443.2
9335.34 25864.7
47410.3 11692.1
23043.5 9460.63
9436.73 16892.3
41251.5 48065.6
22862.4 6620.78
2599.7 9761.97
8994.84 44908.4
49206.5 39892.9
8216.83 46360.8
13483.2 38294.9
46620.1 34376.5
7026.28 4439.77
24587.5 29940.5
36343.6 4261.37
35703.6 5905
22413.4 29566.4
22389.8 42136.4
23490.2 7082.51
27679.5 2255.34
48821.3 43503.7
9147.96 42444.8
7766.09 7973.06
28865.6 2018.19
4786.36 45181.9
38351.9 37735.6
32351.5 42376.4
16700.8 26727.1
13444.7 41167.9
43138.1 15144
44549.7 38986.6
31724.8 8641.5
4512.14 27301
22691.8 15628.7
7660.56 49595.3
38922.5 545.568
47479.8 47982.9
3643.59 17551.9
35777.3 44291.5
14405.6 26232.6
18916.2 4219.58
7168.97 20305
12031.9 41395.6
26413.1 47939.3
5807.55 7598.48
20431.3 40737.3
7438.26 5147.58
4455.78 5510.34
23897.1 5329.46
31138.8 5415.19
35397.9 44573.1
38797.3 35345.7
35491.5 4610.22
36287.6 46808.4
25979.9 4203.72
26472.3 2127.26
28302.3 49112.5
45293.8 40032.9
33234.5 1301.41
18278.1 47706
37935.2 3520.84
6669.49 20059.9
15749.5 41789.1
46774.7 39280.6
26101.5 43323.7
7989.08 15115.3
49953.2 45967.6
17943.7 22722.2
26791.6 49398.4
13783.5 49691.8
168.808 10113.2
2968.37 7350.75
41408.1 11889.6
22656.3 2520.81
12637.8 27087.8
37090.8 7706.33
7624.34 39524.9
42492 11670.9
4171.47 12114.5
24197.4 10662.4
19362.8 22624.4
6674.86 41616.7
2085.53 9814.11
10452.9 44124.7
28533.5 9888.07
20660.2 227.49
20898.3 46383.2
19172.7 1343.8
37484 49179.7
12281.3 3205.14
7506.3 45691
8428.69 6412.2
19263.9 7720.41
5841.87 8289.65
1969.78 14591.6
9615.06 17074
21617.5 12452.6
9354.95 28454
28314.7 3978.11
91.6204 49262.6
26330.1 21697.5
4054.47 4807.53
15023.5 32647.5
40926.4 48544.3
23950.9 14815.8
43318.2 45037.1
29506.4 2620.08
37595.8 19522.3
33815.6 15740.8
25529.1 49943.5
23240.6 43093.6
9800.59 49188.7
9145.08 16122
10804.3 20381.6
34154.6 16024.2
27017.4 11086.5
8752.52 27156.3
10933.8 22425.6
38243.6 38774.3
12121.1 27384.9
38214.1 21548.1
17458.4 48757.8
29436.6 5136.11
37182.3 41554.7
21067.1 44066
10489.6 7518.04
21387.4 10226.7
25599.8 46001.4
33790.2 671.719
2917.3 20309.8
22378.7 14277.2
46572 33809.3
9680.84 40743.5
17.8494 21357.5
38349.4 40796.8
9024.92 43975.5
35083.8 16356.3
47995.9 38779
17354.7 45128
14194.7 49251.3
14565.8 49543.1
16208.3 7053.7
13388.6 12619.3
5396.1 15466.9
47037.9 10742.6
13724.9 30899
22911.1 25727.8
22857.8 12530.9
18346.4 11076.3
9783.76 30982.6
12515.7 30925.1
21111.8 26668.7
19495.1 5272.75
20809.1 48289.1
25975.4 10177.1
22101.8 47251.4
44245.9 13696.6
31357.5 2828.24
14516.8 42420.8
33530.2 47901.4
927.932 28249.4
10978.4 10183.4
8041.05 19671.4
20234.1 23589.5
46400.4 42797
5923.38 37715.8
20509.7 25888.4
31175.7 34291.3
40187.8 44982.6
37032.7 11672
48122.8 33248.7
48226.6 4874.83
46508.6 43083.1
19504.5 17683.5
44400.6 38075.9
47205.3 9291.66
46442.6 41219.9
24525.3 4326.87
31180.3 26281
27917.7 10466.2
3788.39 49791.8
1332.95 5254.16
2602.54 47432.4
6611.96 47269.8
21253.7 48145
41236.4 11711.8
11428.7 48560.5
610.039 21401.8
43245.1 1950.57
38851.9 12842.4
43971.2 21259.2
37987.1 48904.8
36618.6 43199.6
17400.6 21294.1
35343.5 39666.3
13976 47978.5
29575.9 1415.37
31618.2 5060.99
45140.3 39163
47224.6 47615.5
27535 8552.66
12286.5 14149.7
20615.3 49769.2
47653 37870.5
13235.2 14609.1
11255.1 11206.4
11540.5 6268.49
35991 42924.4
5200.38 5820.06
3598.52 10298.4
18938.8 45949.4
32181 2113.42
4266.59 28076.1
39566.7 42377.6
34781 43512.4
20946.6 47901.1
28821.7 374.072
10751.4 42335.2
43372.5 44956.2
20751.6 21507.5
5098.36 8401.88
12720.9 5960.76
49168.2 35717.5
3892.08 22524.2
23767.9 46190.9
24055 15177.2
33453.8 16388.4
41027.4 46333.5
12849.2 12848.6
28071.2 8761.73
4892.26 26172.6
3391.3 20617.2
4287.06 4319.83
26297.3 22880.8
36236.5 5468.92
45974.7 46420.6
44580.4 43581.5
45831.1 13083.4
37232.8 5582.84
36133.4 46788.4
14659.8 30505.8
34093.8 21573.3
28341.9 7204.28
8681.61 4795
18419 23999.5
38424.9 38113.1
9175 42151.2
4315.51 27302.6
19514.5 3264.43
5710.17 17879
40473.7 45950.3
8029.68 11541.2
9795.38 41035.9
47562.2 12884.1
29329.6 15502.2
12291.6 22619.2
45545.6 6961.9
22435.3 485.542
5479.5 9528.53
45113.9 33677.5
30008.4 3939.16
38716.6 15131.7
6605.69 19876.5
10536.5 10554.6
25951.7 43744.1
35361.8 46374.8
38454.1 14992.4
2769.21 13730.7
5191.29 8486.95
8369.86 10550
39546 44315.1
44082.8 46066
21507.4 3106.85
39585 46218.6
48262.3 38860.2
29584 10652.3
25677.6 7644.47
40191.2 46990.1
20946.5 1662.17
38035.7 15659.9
37319.5 10089.6
4191.89 11248.5
46474.5 39131.1
18127.9 43957.4
22851 44907.3
21563 8717.67
19051.8 26373.1
36539.5 46902.7
44855.2 44575.2
27718.8 23566
18192 31808.8
39154.9 16444
4768.37 2699.55
21857.4 46077.3
49699.7 18326.3
6332.85 9563.71
15931.1 9243.42
24346.3 22661.1
45851.1 36399.5
596.167 25199.4
40983.7 44549.6
3182.36 11001.3
32996.8 32875.1
44254 49774.3
20247 41139.4
46401.2 13900.4
24498.5 3846.46
43350.5 18063.3
12595.7 17806.5
29434.1 32714.6
1222.29 28078
26396.3 48506.4
7470.5 15803.7
46046.5 39777.8
6172.61 6514.3
15546.5 39083.4
7086.1 11134.2
11502.6 14144.2
10391.5 25392.2
11465.8 10754.4
15884.1 32669.6
17711.4 1914.99
28804.8 15186.9
45025.6 33616.9
27427.9 13412.3
41228.8 13032.8
14773.3 43201.3
910.908 3458.06
20743.8 43146.1
249.239 7523.29
25739.8 5043.05
47310.4 13676.6
14055.6 31809.2
6200.94 15169
33402.8 6375.58
40131.9 6603.16
28927.1 3852.59
48782.6 7695.41
3536.89 13435.4
5441.82 19461.1
15943 41246.8
2167.26 11198.1
39077.8 20457.3
17504.3 21889.3
7172.06 8349.18
8856.44 24639.5
40141.9 49940.2
5925.85 10873.5
14196.3 30533.9
21637.4 1181.28
15052.4 31701.1
18453.3 25766.9
13797.9 26146.7
19006.9 45956.4
11888.2 5211.77
3592.68 9582.83
26811 47991.9
21473.9 6899.04
18431.8 11940.7
25225.5 48643.3
12092.1 23833.9
9243.34 20909.9
10762.3 1903.24
26246 22575.9
41946.6 48982
13658.9 12987.9
1496.94 6266.64
43479.3 15363.2
45785.1 40021.1
4552.73 48045.7
37401.6 46577.7
47321.8 34222
3327.5 420.476
24305 48458.7
8573.88 12736.8
38524.2 37758.8
32293.7 20005.8
25836.1 10931.8
5769.2 26024.9
21120.8 6361.55
40856.1 24781
39351.2 34659.4
9091.37 5527.49
15413.9 43645.6
17206.5 10022.3
11796 10570
17924.3 38995.8
4135.02 6333.41
8530.49 12735.7
9137.79 28673.3
44744.2 12530.4
4696.31 5058.64
4697.62 18871.3
36513.7 9288.1
47460.8 44675.2
232.115 18178.4
14152.1 24102.2
14782.4 32712.9
2906.38 15482.7
20395.6 43494.3
2693.47 17166.2
21483.3 36143.5
10007.7 8760.63
49443.1 21266
38457.2 43475.4
24697 47568.2
29440.8 3406.55
35850.7 12565.3
10559.3 40899.1
23050.4 43801.1
44635.6 10193.3
16346.6 45988.6
26165.4 47219.2
23136.4 10247.4
19612.6 46710.4
8492.3 9589.11
8410.57 44670.6
28511.5 11061.2
49411.7 38440.9
43465.3 46185.2
2020.35 14553.5
43325.4 46701.1
37458.9 11272.6
40439.2 42002.8
8981.09 5156.48
18701.4 48886.4
95.2356 14944.6
37082 45475.7
603.56 3663.36
47470.2 38609.2
35668.2 13523.1
19341.9 21267.6
17025.3 4031.56
3440.18 41904.3
40362.7 40856.3
43968.4 47808.8
6358.25 18652.3
28313.4 47789.5
20845.4 22688.3
12597.6 38727.8
871.158 47851.4
13703.5 9303.45
39173.8 45482.2
16548.5 45381.2
26653.8 3495.13
27968.6 2066.78
18367.8 23431.8
41643.6 48832.8
21894.6 4642.77
8510.17 6286.11
5589.84 18821.3
31245 624.182
20378 46063.5
21699.1 25363.4
36654.8 47401.5
11454.7 20439.7
10753.6 12450.8
38227.5 12521.6
48950.4 42719.8
46566.6 33819.8
26479.4 42470.3
28565.6 15851
23881.8 49827.7
26426.7 43615.6
515.499 27214.3
31487 5187.39
27021.5 6665.1
29597.8 26109.5
22169.9 1385.17
14776.5 20070
27956.4 10957.5
44657.6 11174.1
47963.5 36118.5
6420.41 13676.3
19391.3 24271
10910 48527.1
39181.7 41235.1
16723.2 40502.2
2110.79 41085.8
49164.9 38678.5
25558.6 43063.6
12734.8 1937.13
34442.4 2105.98
23620.1 6217.69
40589.6 47948.2
1499.71 23363.7
22776.9 14752.7
4626.15 48812.6
42285.9 13124.1
826.85 45650.8
21474.7 30580.7
13311.4 27164.3
582.559 18704.4
4991.51 26587.2
12186 8803.34
3328.04 39372.6
16948.5 49418.5
49035.9 41247.6
