12010.6 21666.5
23908.7 11497.8
20491.1 5015.98
7168.16 15584.6
2250.04 8148.48
39306.3 13994.1
46591 49355
11226.5 12282.9
14404.9 28204.9
18223.4 28592.2
26622.4 49415.2
32037 3367.83
1377.72 9778
14767.2 49051.2
42643.5 15517.2
18070.4 44128.7
19502.8 47353.3
32911.7 41946.1
39684.8 45618.3
41887.8 45956.5
20703.8 7150.09
48897.5 34938.2
7638.17 44956.3
18955.7 47510.4
30201.3 2261.85
49762.4 13454.5
8820.26 49084.4
42568.5 46873.5
8463.6 10231.8
15301.4 48946.8
13384.6 5916.5
29063.7 9113.23
28524 8947.89
27011.7 5929.18
39905.4 6060.7
19410.6 944.597
13558.5 41458.3
23686.8 40261.1
29018.1 12452
20739 46703.7
18666.8 13820
1573.58 3508.49
44933.3 39764.2
13230.2 6609.33
30822.6 6291.17
3553.5 11395.3
26769.1 2531.25
48107.1 37468.2
16885.3 26787.1
763.068 11943.4
35308.4 13709.1
12090.3 40430.3
12187.8 5899.68
35880.8 6135.51
18650.8 29401.2
7972.9 13821.6
29019.8 12612.2
36015.6 9213.5
23804 11160.8
19151 47752.4
19794.7 45424.4
21930.3 30154.2
19418.9 44629.5
45573.3 11417.6
19513.9 7657.84
12917.3 34129.3
17628.2 28589.8
28993.8 45329.5
7145.32 14567.7
47235.1 35813.3
7338.88 25814.2
4665.04 15702.6
1720.98 6405.54
37087.9 11382.6
20426.4 24177.2
14143.2 6061.54
46883.1 45840
16164 42359.8
43491 12175.3
30499 7066.71
13637.3 15067.1
46887.3 45761.8
42612.8 14922.7
14337.5 16674.7
12096.1 11510
18538.9 47268.3
14339.5 8528.01
21144.9 44938.3
6098.02 19591.3
41849 12450.1
37480.6 46518
47463.7 46424.7
48257.2 34906.4
48069.5 39035.4
41353.2 48323.3
22772.7 40560.4
36173.5 48235.2
23910.8 8687.82
48457.8 48120.6
19413.7 3627.22
5438.94 10889.8
15166.1 44305.8
17119.5 29298.4
1525.26 13922.7
29500.1 3703.96
27665.1 8781.6
2671.19 8683.56
22505.4 15110.2
8808.45 45217.6
45092.8 48432.4
15682.8 49530.5
43409.3 14921.2
17473.3 1437.45
42837 48148.9
13888.5 47209.4
12660.1 28371.1
5482.13 6171.24
19196.9 40469
11988.9 11153.1
15972.1 46180.3
21972.3 5979.85
18434.2 156.742
22337.4 47699.4
19772.7 6276.03
47279.2 37498.9
27039.8 4958.99
12170.1 49748.8
35036.5 42041.2
27948.9 9307.31
21126 24282.7
22992.8 9990.37
5993.84 18948.3
48067.1 41396.1
8684.34 13847.9
15152.1 29361.1
14416.3 9476.6
26005.4 46561.1
6625.98 3527.22
10805 18136.4
16773.4 26199
2183.1 11241.3
15143.2 25388.6
29011.4 6456.15
26924.4 9700.69
15993.7 45775.7
16655.1 13635.9
37932.4 11318.7
12104.1 27511.1
16231.7 47412.1
45151.6 46309
28213.8 2798.5
37489.2 10780.4
4327.13 18537.9
28661.7 48341.2
19003.6 1736.98
47227.5 8413.87
10710.9 10592.1
27621.1 3452.84
21929.5 31088
16777.4 24910
12473.3 49056.7
46156.1 35847.2
45646.1 48074.4
49689.6 36769.9
18385.2 2607.36
860.602 7927.81
31129.3 690.111
6603.84 11745.9
8730.32 11416.3
43265.8 38188.9
24319.5 12791.4
20727.9 9130.35
17530.5 8202.68
11537 22608.7
17074 5839.32
18475.9 8099.68
26647.9 2301.82
43535.7 46881.8
48748.7 34948.3
15776.3 46859
20287.9 45734.8
33841.6 14320.4
42783.5 46515.7
37507.7 6666.24
13523.2 40415
16908.6 6054.35
45940.4 42356.5
1875.65 11454.1
17836.4 27054.2
20327.5 6245.86
8726.89 43603.9
1810.02 14586
36768.6 42892
28969.5 6317.5
17597.7 47722.7
10036.5 19783.6
17914.3 14603.8
37817.6 43921.8
10026.1 40535.1
12610.1 28150.3
899.805 6463.21
40408 8628.37
9408.72 13564.7
19784.2 25076.2
31506.8 2606.63
10696.3 21073.6
20643.7 42154.9
22347.5 11199.6
10049.6 18971
27802 31336
19971.8 8767.28
43810.2 9723.21
15571.3 4706.54
12710 25998.1
43518.8 47175.8
14828.5 9940.78
3169.23 17167.2
20875.3 8987.12
45449.1 45263.1
10300.6 26917.1
7076.55 10587.8
21052.9 41265.2
5102.02 12239.4
47042.4 34246.6
49253.9 34748.9
46004.3 48459.8
12219.6 19233.2
24288.5 7602.1
633.266 5836.78
23302.6 15561.4
22296.3 49968.4
16425.3 43301
32180.2 13010.3
7290.54 47089.9
29172 5396.82
13891.1 49297.5
17015.6 8288.6
25995.3 45618
36962 9957.45
9457.42 43858.9
15356.4 28048.9
37711 42935.7
20130 46238.3
23330.5 10771.6
7374.46 39393.2
9335.34 25864.7
23043.5 9460.63
9436.73 16892.3
44756.8 49775.3
22862.4 6620.78
82.0111 12193.3
8994.84 44908.4
49206.5 39892.9
8216.83 46360.8
46620.1 34376.5
7026.28 4439.77
20697 29668.4
36343.6 4261.37
35703.6 5905
22413.4 29566.4
22389.8 42136.4
23490.2 7082.51
27679.5 2255.34
48821.3 43503.7
9147.96 42444.8
7766.09 7973.06
28865.6 2018.19
28472.8 41968.7
16700.8 26727.1
13444.7 41167.9
43138.1 15144
44549.7 38986.6
35024.9 681.676
47479.8 47982.9
3643.59 17551.9
35777.3 44291.5
14405.6 26232.6
18916.2 4219.58
9349.83 23538.3
12031.9 41395.6
26413.1 47939.3
5807.55 7598.48
20431.3 40737.3
7438.26 5147.58
4455.78 5510.34
23897.1 5329.46
33645.7 8402.76
42659.3 34803
35491.5 4610.22
25979.9 4203.72
26472.3 2127.26
28042.5 48962.5
45293.8 40032.9
34319.1 2059.87
15749.5 41789.1
7989.08 15115.3
49953.2 42067.6
22901.1 49126.4
13783.5 49691.8
3156.38 12620
2968.37 7350.75
41408.1 11889.6
18907.4 1445.83
12637.8 27087.8
37090.8 7706.33
42492 11670.9
4171.47 12114.5
22992.3 6953.3
19362.8 22624.4
2085.53 9814.11
14343.4 43852.7
28533.5 9888.07
20660.2 227.49
19172.7 1343.8
40445.5 48509.2
15268.9 5712.01
7506.3 45691
7485.2 2628.05
19263.9 7720.41
5841.87 8289.65
9615.06 17074
28314.7 3978.11
3191.62 49962.6
22665.3 23031.3
20060.4 14543.7
29506.4 2620.08
25529.1 49943.5
9800.59 49188.7
9145.08 16122
10804.3 20381.6
27017.4 11086.5
12121.1 27384.9
17458.4 48757.8
29436.6 5136.11
21067.1 44066
10489.6 7518.04
21387.4 10226.7
25599.8 46001.4
46572 33809.3
9680.84 40743.5
38349.4 40796.8
9024.92 43975.5
47995.9 38779
17354.7 45128
14194.7 49251.3
14565.8 49543.1
16208.3 7053.7
5396.1 15466.9
22857.8 12530.9
10326.5 34844.6
14225.3 34430.4
21111.8 26668.7
19495.1 5272.75
20809.1 48289.1
25975.4 10177.1
22101.8 47251.4
44245.9 13696.6
27542.7 2017.39
14516.8 42420.8
36973.7 46070.4
4637.05 27044.3
10978.4 10183.4
20234.1 23589.5
46400.4 42797
20509.7 25888.4
33468.1 37446.5
37032.7 11672
48122.8 33248.7
46508.6 43083.1
22310 14974.4
44400.6 38075.9
46442.6 41219.9
24525.3 4326.87
30503.1 22440.3
27917.7 10466.2
1332.95 5254.16
21253.7 48145
41236.4 11711.8
41911.2 5615.37
38851.9 12842.4
36618.6 43199.6
13976 47978.5
29575.9 1415.37
31618.2 5060.99
45140.3 39163
47224.6 47615.5
27535 8552.66
12286.5 14149.7
20615.3 49769.2
47653 37870.5
13235.2 14609.1
11255.1 11206.4
7661.85 6676.15
35991 42924.4
5200.38 5820.06
7.69056 10623.9
18938.8 45949.4
30000.1 5346.67
20946.6 47901.1
28821.7 374.072
10751.4 42335.2
17002.6 20432.5
5098.36 8401.88
12720.9 5960.76
49168.2 35717.5
23767.9 46190.9
21874.2 11944
44868.1 45656.3
28071.2 8761.73
8071.21 5263.33
26297.3 22880.8
36236.5 5468.92
45974.7 46420.6
47190.1 40683.3
37232.8 5582.84
36043.8 18195.8
28341.9 7204.28
8681.61 4795
9175 42151.2
19514.5 3264.43
5710.17 17879
40473.7 45950.3
8029.68 11541.2
9795.38 41035.9
48989.1 5130.96
22435.3 485.542
30008.4 3939.16
38716.6 15131.7
6605.69 19876.5
8029.59 13542.2
35361.8 46374.8
2769.21 13730.7
9088.91 8623.05
8369.86 10550
44082.8 46066
21507.4 3106.85
39585 46218.6
48262.3 38860.2
29584 10652.3
25677.6 7644.47
43634.7 45159.2
20946.5 1662.17
38035.7 15659.9
37319.5 10089.6
4191.89 11248.5
46474.5 39131.1
22851 44907.3
21563 8717.67
19051.8 26373.1
36539.5 46902.7
44855.2 44575.2
24054 24899.9
16125.3 35116.1
7169.45 5772.79
25090.7 48258.2
49835.8 14428.6
6332.85 9563.71
15931.1 9243.42
21637.2 25466.6
45851.1 36399.5
1930.05 21534.6
3182.36 11001.3
29156.1 32197.9
48151.6 49910.4
20247 41139.4
24498.5 3846.46
33098.9 34048.5
5037.07 27267.1
26396.3 48506.4
7470.5 15803.7
46046.5 39777.8
6172.61 6514.3
7086.1 11134.2
11502.6 14144.2
10391.5 25392.2
11465.8 10754.4
17711.4 1914.99
25906.5 12577.3
27427.9 13412.3
41228.8 13032.8
14773.3 43201.3
910.908 3458.06
249.239 7523.29
25739.8 5043.05
8602.02 18242.3
36515.9 5142.2
28927.1 3852.59
48844.1 7616.61
3536.89 13435.4
5441.82 19461.1
16350.7 45125.4
2167.26 11198.1
36368.6 17651.8
7172.06 8349.18
5925.85 10873.5
16488.7 27378.8
21637.4 1181.28
18453.3 25766.9
13797.9 26146.7
19006.9 45956.4
8580.78 3145.08
26811 47991.9
21473.9 6899.04
28890.3 49977.2
9651 17031.2
7199.48 316.972
26246 22575.9
38791.4 46689.6
1496.94 6266.64
43479.3 15363.2
45785.1 40021.1
8431.36 48453.4
39802.7 49650.9
47321.8 34222
522.071 3129.64
8573.88 12736.8
35099.1 17296.7
25836.1 10931.8
21120.8 6361.55
39395.1 21165
43229.8 34251.8
9091.37 5527.49
15413.9 43645.6
17206.5 10022.3
11796 10570
1329.59 9042.58
8530.49 12735.7
44744.2 12530.4
4696.31 5058.64
4697.62 18871.3
36513.7 9288.1
47460.8 44675.2
21981.8 47057.1
2693.47 17166.2
10007.7 8760.63
47542.2 18898.2
38457.2 43475.4
29440.8 3406.55
10559.3 40899.1
26165.4 47219.2
23136.4 10247.4
19612.6 46710.4
8492.3 9589.11
8410.57 44670.6
28511.5 11061.2
49411.7 38440.9
43465.3 46185.2
2020.35 14553.5
43325.4 46701.1
37458.9 11272.6
8981.09 5156.48
18701.4 48886.4
1195.24 17644.6
37082 45475.7
603.56 3663.36
47470.2 38609.2
16354.4 18760.7
43968.4 47808.8
6358.25 18652.3
28313.4 47789.5
20845.4 22688.3
15585.2 41234.7
4314.65 49682.3
13703.5 9303.45
42617.3 47313.2
16548.5 45381.2
27331 7335.88
27968.6 2066.78
41643.6 48832.8
21894.6 4642.77
8510.17 6286.11
5589.84 18821.3
20378 46063.5
13285.7 16996.2
10753.6 12450.8
48950.4 42719.8
46566.6 33819.8
32070.9 14141.3
23881.8 49827.7
923.16 23335.7
31487 5187.39
27021.5 6665.1
25707.3 25837.4
20697.7 535.168
27956.4 10957.5
44657.6 11174.1
47963.5 36118.5
19391.3 24271
10888.8 48304.5
39181.7 41235.1
5951.54 40408.5
49164.9 38678.5
10227.9 4924.71
32240.9 508.08
23620.1 6217.69
40589.6 47948.2
7838.38 49343.3
42285.9 13124.1
21474.7 30580.7
13311.4 27164.3
10599.7 12366.2
7112.19 40316.1
16948.5 49418.5
49035.9 41247.6
