23908.7 11497.8
7168.16 15584.6
39306.3 13994.1
46591 49355
11226.5 12282.9
14404.9 28204.9
18223.4 28592.2
26622.4 49415.2
1377.72 9778
14767.2 49051.2
18070.4 44128.7
19502.8 47353.3
36116 43796.1
42889.1 47468.3
44549.3 48526.7
17084.7 7919.36
18955.7 47510.4
30201.3 2261.85
47439.8 12017.3
42568.5 46873.5
8463.6 10231.8
15301.4 48946.8
13384.6 5916.5
29063.7 9113.23
28524 8947.89
27011.7 5929.18
19410.6 944.597
29018.1 12452
20739 46703.7
1573.58 3508.49
44933.3 39764.2
16660.8 5223.29
3553.5 11395.3
26769.1 2531.25
48107.1 37468.2
16885.3 26787.1
8523.76 6414.62
18650.8 29401.2
7972.9 13821.6
29019.8 12612.2
33445.4 6551.94
23804 11160.8
19794.7 45424.4
19418.9 44629.5
19513.9 7657.84
15295.6 31295
17628.2 28589.8
25403.7 46224.7
7145.32 14567.7
47235.1 35813.3
8233.99 22224.1
1720.98 6405.54
37087.9 11382.6
20426.4 24177.2
14143.2 6061.54
46883.1 45840
16164 42359.8
16704.8 12998
46887.3 45761.8
12715.6 13349.2
12096.1 11510
18538.9 47268.3
41849 12450.1
40473.9 48692.8
47463.7 46424.7
48069.5 39035.4
39853.2 47848.4
23910.8 8687.82
49244 49032.6
19413.7 3627.22
5438.94 10889.8
15166.1 44305.8
17119.5 29298.4
29500.1 3703.96
27665.1 8781.6
2671.19 8683.56
21485.5 18666.9
45092.8 48432.4
15682.8 49530.5
17473.3 1437.45
42837 48148.9
13888.5 47209.4
12660.1 28371.1
1862.98 6940.51
15972.1 46180.3
21972.3 5979.85
18434.2 156.742
19421.8 45421.5
19772.7 6276.03
47279.2 37498.9
27039.8 4958.99
12170.1 49748.8
31559.6 43306.7
24251.2 9178.19
21126 24282.7
22992.8 9990.37
48067.1 41396.1
8684.34 13847.9
26005.4 46561.1
6625.98 3527.22
16773.4 26199
15143.2 25388.6
15993.7 45775.7
37932.4 11318.7
12104.1 27511.1
16231.7 47412.1
45151.6 46309
28213.8 2798.5
37489.2 10780.4
19003.6 1736.98
10710.9 10592.1
27621.1 3452.84
18498.9 29702
46156.1 35847.2
45646.1 48074.4
49689.6 36769.9
18385.2 2607.36
860.602 7927.81
33790.9 3260.35
6603.84 11745.9
8730.32 11416.3
20727.9 9130.35
17530.5 8202.68
22032.6 7079.83
26647.9 2301.82
43535.7 46881.8
15776.3 46859
20287.9 45734.8
36503.1 11750.2
45850.9 48584.8
37507.7 6666.24
45940.4 42356.5
1875.65 11454.1
17836.4 27054.2
20327.5 6245.86
25492.6 5052.03
17597.7 47722.7
14437.5 13338.3
11412.2 43965.7
12610.1 28150.3
899.805 6463.21
40408 8628.37
9408.72 13564.7
19784.2 25076.2
24283 30192.7
19971.8 8767.28
15571.3 4706.54
12710 25998.1
45994.6 44426.2
20875.3 8987.12
7076.55 10587.8
5102.02 12239.4
46004.3 48459.8
24288.5 7602.1
633.266 5836.78
21680.6 12235.8
22296.3 49968.4
17811.3 46731.6
31537.7 9366.54
29172 5396.82
13891.1 49297.5
17015.6 8288.6
25995.3 45618
36962 9957.45
15356.4 28048.9
20130 46238.3
23330.5 10771.6
10578.8 41243.2
23043.5 9460.63
9436.73 16892.3
46565.1 47208.2
22862.4 6620.78
2743.57 9623.04
49206.5 39892.9
23490.2 7082.51
27679.5 2255.34
48821.3 43503.7
7766.09 7973.06
28865.6 2018.19
16700.8 26727.1
44549.7 38986.6
47479.8 47982.9
14405.6 26232.6
18916.2 4219.58
26413.1 47939.3
5807.55 7598.48
4455.78 5510.34
23897.1 5329.46
26472.3 2127.26
24838.2 47112.5
45293.8 40032.9
30888.6 673.825
15749.5 41789.1
7989.08 15115.3
19210.1 48868.3
13783.5 49691.8
2968.37 7350.75
41408.1 11889.6
15350.7 425.967
12637.8 27087.8
37090.8 7706.33
42492 11670.9
4171.47 12114.5
21848.9 3434.39
2085.53 9814.11
28533.5 9888.07
19172.7 1343.8
43649.8 46659.2
6904.33 711.651
19263.9 7720.41
5841.87 8289.65
9615.06 17074
28314.7 3978.11
6891.62 49962.6
19188.4 24296.8
16369.4 14285.6
29506.4 2620.08
9145.08 16122
10804.3 20381.6
27017.4 11086.5
12121.1 27384.9
17458.4 48757.8
29436.6 5136.11
10489.6 7518.04
25599.8 46001.4
47995.9 38779
17354.7 45128
14194.7 49251.3
14565.8 49543.1
16208.3 7053.7
15847.3 37755.9
21111.8 26668.7
19495.1 5272.75
20809.1 48289.1
22101.8 47251.4
23923.5 1248.11
14516.8 42420.8
40240.6 44333.4
10978.4 10183.4
20234.1 23589.5
46400.4 42797
20509.7 25888.4
37032.7 11672
46508.6 43083.1
24971.5 12404.1
44400.6 38075.9
46442.6 41219.9
29860.6 18796.5
27917.7 10466.2
1332.95 5254.16
21253.7 48145
41236.4 11711.8
40645.7 9092.23
38851.9 12842.4
13976 47978.5
29575.9 1415.37
45140.3 39163
47224.6 47615.5
27535 8552.66
12286.5 14149.7
20615.3 49769.2
11255.1 11206.4
3982.12 7062.9
5200.38 5820.06
3605.5 10498.3
18938.8 45949.4
20946.6 47901.1
28821.7 374.072
5098.36 8401.88
12720.9 5960.76
23767.9 46190.9
48511.9 45013.8
28071.2 8761.73
11661.3 6158.44
26297.3 22880.8
45974.7 46420.6
37893.8 14991.5
28341.9 7204.28
8681.61 4795
19514.5 3264.43
40473.7 45950.3
8029.68 11541.2
47841.3 5741.27
30008.4 3939.16
38716.6 15131.7
2769.21 13730.7
12786.7 8752.18
8369.86 10550
44082.8 46066
21507.4 3106.85
39585 46218.6
48262.3 38860.2
29584 10652.3
25677.6 7644.47
46901.6 43422.1
20946.5 1662.17
38035.7 15659.9
37319.5 10089.6
4191.89 11248.5
46474.5 39131.1
21563 8717.67
19051.8 26373.1
44855.2 44575.2
20577.2 26165.3
49030.6 11698.9
6332.85 9563.71
45851.1 36399.5
3195.52 18057.7
3182.36 11001.3
25512.3 31555.4
49531.1 47657.1
36575.8 35313.9
8656.21 26497.9
26396.3 48506.4
7470.5 15803.7
46046.5 39777.8
6172.61 6514.3
7086.1 11134.2
11502.6 14144.2
11465.8 10754.4
17711.4 1914.99
23156.9 10101.5
41228.8 13032.8
14773.3 43201.3
910.908 3458.06
249.239 7523.29
10880 21157.9
33085.3 3756.15
28927.1 3852.59
3536.89 13435.4
16737.4 48805.2
2167.26 11198.1
33798.4 14990.3
7172.06 8349.18
5925.85 10873.5
21637.4 1181.28
18453.3 25766.9
13797.9 26146.7
19006.9 45956.4
5443.01 1184.38
26811 47991.9
21473.9 6899.04
25601.4 48780.1
10037.8 13351.5
5380.46 2681.54
26246 22575.9
1496.94 6266.64
45785.1 40021.1
12111.1 48840.1
2033.04 5701.99
8573.88 12736.8
21120.8 6361.55
9091.37 5527.49
15413.9 43645.6
11796 10570
1257.66 9112.04
8530.49 12735.7
4696.31 5058.64
36513.7 9288.1
47460.8 44675.2
10007.7 8760.63
44474.7 16829.2
29440.8 3406.55
26165.4 47219.2
23136.4 10247.4
19612.6 46710.4
8492.3 9589.11
28511.5 11061.2
49411.7 38440.9
43465.3 46185.2
43325.4 46701.1
37458.9 11272.6
8981.09 5156.48
18701.4 48886.4
603.56 3663.36
47470.2 38609.2
13520 16382.4
43968.4 47808.8
45884.2 49050.2
16548.5 45381.2
27968.6 2066.78
21894.6 4642.77
8510.17 6286.11
20378 46063.5
15022.7 13729.3
10753.6 12450.8
48950.4 42719.8
35396.5 12519.4
23881.8 49827.7
1309.92 19656
27021.5 6665.1
23902 2385.17
27956.4 10957.5
47963.5 36118.5
19391.3 24271
49164.9 38678.5
7849.61 7759.07
28722 1651.44
23620.1 6217.69
42285.9 13124.1
13311.4 27164.3
10702.3 41211.2
16948.5 49418.5
49035.9 41247.6
