33172.1 12718.8
35451.7 48890.2
7993.63 47472.1
9024.09 22611.2
26966.4 18342.3
7817.44 2157.93
8171.72 34481.9
35011.2 25258.9
34801.3 37677.9
14229.3 11305.6
18422.5 23436.5
25361.8 35318.6
4091.69 13591
38695.6 20391.1
19595.3 5933.34
38976.9 28235
34541.4 6874.37
12703.9 46187.1
40873.3 14157.6
22607.2 37158.4
21516.6 40584.5
46516.1 26004.3
35307 26450.1
13205.6 34220.2
15909.5 16509.2
4006.26 40333.7
18633.1 48951.9
9567.03 21359.1
29506.9 26189
34191.8 30916.7
39412 6906.96
44626.8 10726.4
21900 25396.3
4717.31 15731.5
28745.2 49994.9
19498.4 21985.5
39436.3 15484.2
31305.9 9135.66
32671.4 46383.6
15555.9 25623.3
27981.8 40622.5
2460.09 37818.6
25451.7 4575.42
29194.3 32386.5
13565.8 21640.4
41212.7 37744.6
45516.9 25619.5
47255.6 42232
11508.4 22401
874.68 35159.4
49929 574.653
2136.26 33691.3
44611.6 38238
36951.8 11045.4
35624.8 33030.9
11544.3 19569.5
9605.59 16771.6
41018.4 27691.5
24560.9 18579.8
20321.6 1441.47
14321.6 43177.8
34053.7 48142.4
20133.3 36505.8
6939.69 1666.42
34398.4 20786.7
42075.8 42117.8
36082.9 381.312
46109.1 10502.2
20064.9 60.567
46081.2 46805
32970.8 39674.8
4939.58 9104.93
10324.1 46672.8
39710.4 3503.86
48565.1 14418.8
27841.8 46066.6
33772.1 31117.6
6682.38 21435.8
4921.5 31504.7
9210.44 8723.6
42570.6 28927.2
5431.86 48114.6
8454.36 48263.3
38287 27528.1
15393.6 47242.5
30336 38996.1
15381.4 32738.3
32991.1 21359.5
4255.07 12623.1
11559.4 44884.9
46401.9 13786.1
46799.1 12128
44738.9 28380.9
41106.8 33554.9
36429.5 13872.6
29358.6 34775.3
42981.1 49235.2
7845.25 8115.12
29767.2 9132.52
44274.8 15689.4
7035.67 33643.2
49201.5 38485.2
48849.3 22638.8
2707.54 43692.3
35796.2 17134
4642.56 44610.6
9291.1 1387.69
34732.1 1606.87
37598.6 11978.9
3031.91 6495.45
24114.6 34371
29905.7 59.2185
33986.9 47980
2586.46 27586.6
34280.1 41040.5
36459.6 14671.7
7481.1 5223.32
46294.8 13068.2
31456.2 30855.4
19874 32.9787
11554.5 7059
31954.6 20502.3
44914.5 36918.7
12334.5 43900.6
9383.82 47772.8
16769.9 8509.91
31742.6 37712
6458.79 22848.3
7351.21 6705.78
21910.7 42216.9
44000.4 10919
30606 10505.6
9249.92 20906.1
27084.5 39503.5
20656.6 19047.3
22636.9 18451.2
10795.2 21376.7
23456.8 2111.25
39259.7 25478.6
31392.7 30396.9
2207.01 1936.86
27487 33873.7
49820.4 19629.2
44157.4 6881.37
7331.78 23378.3
14565.4 32716.7
4880.29 44318.1
15999.1 46624.5
31656.6 17379.5
15629.8 7510.28
9961.62 15605.1
43758.1 1941.26
364.018 13077.2
78.7906 46165.8
47498.2 19069.4
30717.2 10992.5
8333.28 43409.7
89.5547 24442.4
31108 13647.3
25339.8 10985.5
15680 25177.6
4079.83 18293.9
4058.86 23772.1
645.521 47584.1
14901.9 43407.2
502.502 28851.3
48174 39027.8
30719.8 10949
33082 22361.4
43987.9 43333.3
15339.5 40795.2
31955.9 273.087
11283.7 17708.8
1655.02 39281
10377.5 41158.5
27459.6 30837.6
23961.1 6640.67
48072.1 16757.6
1355.46 21498.5
25392 49659.2
24886.9 40276.5
46703.2 597.219
16622.5 18058.8
33262.9 9101.6
7320.23 20522.1
13065.8 37877.6
40884.8 43450.2
42394.5 37961.7
2147.19 6806.47
43086.5 44363.9
43376.6 46187.4
46089.5 14282.7
30922.4 8252.86
13210.5 40742.9
1051.09 38403.3
14977.7 7854.01
29687 33503.3
47081.8 38979.3
23160.7 48018.5
28870.1 28357
10766.3 34806.7
21214.8 8756.65
14707 38439.8
32803.1 15481.1
49889.2 568.558
40561.9 41295.1
30685.3 13308.6
39382 23823.3
11356.7 37252.3
7051.74 39498.5
35467.9 16340.7
31709.3 34855.5
26147.9 37159.5
42439.1 44804.8
1130.87 6003.59
5505.3 5619.53
26155.9 22134.5
44566.1 35820.7
17695.2 3804.37
15878.9 10814.1
21085.6 10902.7
12761.2 35689.2
37012.2 25574.1
30100.3 6902.64
46211.3 4998.06
2887.29 6020.23
21593.7 32583
40415.9 7210.95
29174.3 45226.8
42954.9 35710.9
10164.1 37966.6
6221.17 20155.6
38406.5 20662.4
13674.7 28101.6
4141.62 27802.3
21737.1 20824.2
1153.99 4390.62
25087.5 44188.3
