35423.8 14018.8
37862.4 49864.2
10149.1 48926
11015.8 20939.9
29566.4 18342.3
7908.17 4756.34
6239.54 36221.7
32538.5 24455.4
35690.6 40121.1
11654.6 10943.8
19876.4 25592
23312.9 36919.3
36490.7 21768.9
22155.8 6384.83
39605.9 30757.8
33087.5 9029.87
13843.6 48523.9
39899.3 16568.3
24061.1 35002.9
20627.4 43027.7
44140.9 24946.8
36281 24039.4
14094.9 31777
18382.3 17312.6
2948.75 42708.9
21076.3 48062.6
9567.03 21359.1
30223.6 23689.8
36602.5 31890.7
37256.6 8360.86
46675.7 9125.68
20600 27647.9
4535.94 13137.8
26853.9 48517.3
42030 15302.9
32195.1 11578.9
34826.9 47837.5
15737.3 28217
30575.5 40441.1
4330.38 36012.5
23923.4 2471.97
31637.5 31497.3
10967.4 21549.7
38917.1 38965.2
49061.7 40361.7
9009.09 21684.4
512.83 37734.1
47648.5 214.7
2227 36289.7
45500.9 40681.2
35977.8 8634.68
35715.5 35629.3
14043.6 18852.8
7556.77 15170.8
41647.4 25168.8
26089.1 20683.2
17746.9 1803.32
16907.3 43449.6
34392.4 49500.8
21022.5 38949
7030.43 4264.84
36809.1 21760.7
39553 42746.7
44369.4 12434.4
22663.3 151.306
43520.7 46353.6
32880.1 42273.2
2379.08 9556.42
11544.8 44377.1
37904.3 1633.58
49963.1 12346.2
29062.4 43770.9
31616.6 32571.5
9225.56 21976.4
4921.5 31504.7
7682.2 10827
40047.8 29556.2
8017.62 48386.4
9343.61 45820.1
36480.9 25657.8
17866.4 48046
30336 41596.1
13277.9 31210.1
35551.6 20908
3626.07 15145.9
13855 46105.6
48141.6 11854
47250.6 9567.49
46192.8 30536.4
39967 31218.1
34380.7 12271.9
27618.8 36707.5
44814.9 49150.6
10431 8386.89
30039 11718.3
43558.2 13190.2
5103.5 31903.5
48977 36730.3
47709.5 24975.7
455.871 44992.3
35614.8 19727.6
7017.78 43553.1
10668.9 3592.61
34732.1 1606.87
39269.9 9987.14
1225.8 8365.73
23752.7 31796.3
27530.4 1116.73
33896.1 45381.6
4961.68 26529.1
36328.9 42641.2
39034.3 15033.5
4958.33 5852.31
44994.8 10816.6
31456.2 30855.4
17274 32.9787
11554.5 7059
33886.8 18762.5
46654.3 34986.5
13862.7 46004
11254.1 49578.9
16140.9 11032.7
32716.5 40122.7
6007.31 25408.8
5055.55 7926.41
19350.2 41765.4
46598.9 10828.2
30606 13105.6
11772.7 21535.1
26027 41878.7
18361 17826.7
21497.1 20788.1
10166.2 23899.5
21251.9 3489.04
41782.5 24849.6
33991.1 30306.2
4582.23 2994.37
25495.3 35545
47321.2 18912.6
42779.6 9086.29
7693.63 25953
17165.4 32716.7
6872.01 45989.3
17527.3 48728
30682.6 19790.2
15629.8 7510.28
9780.26 18198.7
46332.8 1579.41
1964.74 15126
2345.29 46605.1
29913.7 8519.72
9553.91 41114
1943.07 25173.4
28564.8 13106.7
25430.5 8387.07
13873.9 23307.3
6552.57 17490.5
1240.04 47048.8
12458.7 44296.5
3100.92 28760.6
47633.4 36484.6
28119.8 10949
31861.4 20065.7
46548.4 42881.8
14199.7 43132.1
30665.9 1532.4
12504.3 20004.4
3758.46 37752.8
9660.83 38659.2
24899.1 30386.1
23870.3 9239.09
49129.6 14382.4
3930.16 21860.3
27985.7 49840.6
24170.3 42775.8
44835.5 1088.92
19095.2 17255.4
32901.1 11676.3
8920.95 22571
11845.2 35581.9
41425.4 40907
44326.7 36221.9
2863.84 9305.75
42905.1 41770.3
43376.6 46187.4
45286 16755.5
29468.5 10408.4
12493.8 43242.2
634.872 40235.5
13600 5649.08
27880.9 31633
47081.8 38979.3
26821.2 29957.7
9708.75 32431.5
19475 10688.8
16160.9 36284.3
32803.1 15481.1
47520.9 167.385
40200 38720.4
32213.5 11205.1
40271.3 26266.5
8763.05 37070.9
5245.62 37628.2
38053.7 16068.9
34307.8 34764.7
23549.5 37250.2
43893 46960.3
590.298 8546.78
3094.62 6593.51
27455.9 19882.8
42462.6 34292.5
16637.7 6179.59
14989.6 8370.92
22686.3 8853.86
10509.5 36989.2
36921.4 28172.5
43915.6 6218.68
5430.47 6560.8
23798.6 33960.8
39038.1 5006.02
30474.3 42975.1
40394.4 36162.4
11541.9 40171.6
5680.6 17612.5
40455.4 19061.7
15970.4 29322.3
6727.38 27530.5
22188.6 18263.7
972.625 1796.96
27292.5 45566.1
