35683.6 14168.8
38140.5 49976.6
10397.8 49093.7
11245.6 20747.1
29866.4 18342.3
7918.64 5056.16
6016.6 36422.4
32253.2 24362.7
35793.2 40403
11357.5 10902
20044.2 25840.7
23076.5 37104
36236.3 21927.8
22451.2 6436.92
39678.5 31048.8
32919.8 9278.58
13975.1 48793.6
39786.9 16846.4
24228.9 34754.2
20524.7 43309.6
43866.8 24824.8
36393.4 23761.3
14197.5 31495.1
18667.6 17405.3
21358.3 47960
9567.03 21359.1
30306.3 23401.4
36880.7 32003.1
37007.8 8528.62
46912.1 8940.98
20450 27907.7
4515.02 12838.5
42329.2 15281.9
32297.7 11860.8
35075.6 48005.2
15758.2 28516.2
30874.7 40420.2
4546.18 35804.1
23747.1 2229.27
31919.4 31394.7
10667.5 21539.2
38652.2 39106
49270.1 40145.9
8720.71 21601.7
471.078 38031.2
47349.2 193.773
2237.46 36589.5
45603.5 40963.1
35865.4 8356.52
35726 35929.2
14332 18770.1
7320.36 14986.1
41720 24877.7
26265.5 20925.9
17449.9 1845.07
17205.7 43481
34319.8 49209.8
21125.1 39230.9
7040.9 4564.65
37087.2 21873.1
39261.9 42819.3
44168.7 12657.4
22963.1 161.776
43225.2 46301.5
32869.6 42573
2083.64 9608.51
11685.6 44112.2
37695.9 1417.78
49851.3 12512
31367.9 32739.2
4921.5 31504.7
7505.86 11069.8
39756.7 29628.8
8315.97 48417.7
9446.22 45538.2
36272.5 25442
18151.7 48138.7
30336 41896.1
13035.2 31033.7
35847 20855.9
14119.9 46246.4
48342.3 11631
47302.7 9272.04
46360.5 30785.1
39835.5 30948.4
34144.3 12087.2
45069.4 48991.6
10729.4 8418.25
30070.4 12016.6
43475.5 12901.8
4880.55 31702.8
48747.2 36537.5
47578 25245.3
196.063 45142.3
35593.9 20026.9
7291.84 43431.1
10827.9 3847.03
34732.1 1606.87
39462.7 9757.32
1017.4 8581.53
23711 31499.2
27256.4 1238.75
33885.6 45081.8
5235.75 26407.1
36565.3 42825.9
39331.3 15075.3
4667.24 5924.89
44844.8 10556.8
31456.2 30855.4
16974 32.9787
11554.5 7059
34109.7 18561.8
46855 34763.6
14039 46246.7
11469.9 49787.3
16068.3 11323.8
32828.9 40400.9
5955.21 25704.2
4790.66 8067.25
19054.7 41713.3
46898.7 10817.7
30606 13405.6
12063.8 21607.7
25905 42152.8
18096.1 17685.9
21365.6 21057.7
10093.6 24190.5
20997.5 3648.01
42073.5 24777.1
34290.9 30295.7
4856.3 3116.39
25265.5 35737.8
47032.8 18829.9
42620.6 9340.71
7735.38 26250.1
17465.4 32716.7
17703.7 48970.7
30570.2 20068.3
15629.8 7510.28
9759.33 18498
46629.9 1537.65
2149.44 15362.4
2643.64 46636.5
29821 8234.4
9694.75 40849.2
2242.34 25194.4
28271.4 13044.3
13665.5 23091.5
6837.89 17397.8
1462.98 46848
12176.8 44399.1
3400.74 28750.1
47571 36191.2
27819.8 10949
31720.6 19800.8
46843.9 42829.7
14068.2 43401.7
30603.5 1825.84
12645.1 20269.3
4001.17 37576.5
9578.14 38370.8
24603.7 30334
23859.9 9538.9
49251.7 14108.3
4227.24 21902.1
28285 49861.5
24087.6 43064.2
44592.8 1265.26
19380.5 17162.7
32859.3 11973.4
9105.64 22807.4
11704.4 35317
41487.8 40613.6
44549.6 36021.2
2946.53 9594.13
42884.2 41471
43376.6 46187.4
45193.3 17040.8
29300.8 10657.1
12411.2 43530.6
871.275 40420.2
27672.5 31417.2
47081.8 38979.3
26584.8 30142.4
9586.73 32157.4
19274.3 10911.8
16328.7 36035.6
32803.1 15481.1
47458.5 460.829
40158.3 38423.3
32389.9 10962.4
40373.9 26548.4
8463.78 37050
5037.23 37412.4
38352.1 16037.6
34607.6 34754.2
23249.7 37260.7
44060.7 47209
527.925 8840.22
2816.47 6705.89
27605.9 19623
42219.9 34116.2
16515.7 6453.65
14887 8089.01
22871 8617.46
10249.7 37139.2
36911 28472.3
43650.7 6359.53
5723.91 6623.17
24053 34119.8
38879.1 4751.61
30624.3 42715.3
40099 36214.5
11700.9 40426
5618.23 17319
40691.8 18877
16235.2 29463.1
7025.74 27499.1
22240.7 17968.2
951.698 1497.69
27546.9 45725.1
