21650.3 15.4703
27382 7901.07
25758 16354
8436.42 21551.3
18947.6 8564.24
45310.4 34653.1
30601.4 8122.62
3454.41 41446.8
40766.1 45123
7919.14 10216.3
17268.7 33590.9
15526.2 35267.9
24417.5 48037.5
38528.8 14914.9
37517 1230.05
29150.4 19024.1
48703.5 12114.7
5126.64 8703.01
19395.2 43535.7
27656.8 26595.1
46215.8 32622.3
10072.3 22195.9
4589 41109.9
36547.3 15304.4
44790.1 17448.7
48351 32486.5
42197.9 43057.4
22215.6 46924.7
43980.3 8582.85
46547.4 47287.3
16347.6 49645.7
12386.9 30096.1
19160 33768.3
24839.4 29493.1
43885.9 2222.58
46705.6 30444.2
733.294 40375.6
16292.7 46645.1
46492.6 13867.8
37099.3 3781.17
11382.4 15223.2
32201.3 5725.95
46464 36923.9
2279.78 43974.4
38674.6 13047.3
46713.7 44077.5
3534.15 960.841
10025.6 43710.7
6807.06 8845
42902.4 20758.9
22828.3 12713.2
31739 17781
20540.4 9085.45
1438.48 46716.8
42663.6 16709.8
16200.1 22982.1
1413.97 41573.7
8035.77 35441.5
22790.8 7301.82
16934.5 33875.8
6534.81 32690.3
24269 37522.3
41496.2 25405.4
16088.7 22850.2
44505 12888.2
20844.2 11010.7
16245 44511.9
25990.5 36360
37788.6 49981
1165.25 45574.3
6714.94 696.669
1553.92 47926.2
17863.2 31560.2
48661.1 21151
36217.8 43285.5
36889.6 30984.9
8556.81 8389.65
33496.7 808.527
6458.26 20335.2
20239.3 9293.05
44036.4 40011.8
24228.5 34319.3
10528.1 30167.3
5942.31 6941.82
11622.8 14536.3
22703.6 19045.6
49298 36841.4
45919.3 24258.3
14098.3 48483.7
35657.1 2601.27
37720 234.05
14729.8 24728.4
6531.62 5647.69
26181.1 4812.8
47460.6 26103.5
26960.3 4689.52
19151 47752.4
40952.7 1512.64
23624.9 42210.5
31508.7 42856.5
40686.6 47796.1
24204.4 39275
28358.9 47534.2
48296.2 16856.9
12053.9 4019.36
34062.2 31788
2311.31 46769.1
17105.6 33562.4
31182.1 46129.9
40449.5 11874.7
41990.9 2811.71
43119.3 43586.2
48229.9 40636.5
11377.4 20392.6
270.202 39313.5
38664.6 49964.1
45731.2 33306.8
40706.4 12968.8
41150 36238.8
27630.5 26780.4
41041.5 20647.3
9841.37 24999.9
1605.33 48810.2
4507.36 35665.5
43099.1 13025
7132.94 23758.2
10190.2 23307.4
5308.28 4218.94
31064 45308.5
13480.3 15951.4
49915 18527.6
49960.8 43686.5
38147.2 17389.9
13900.3 36879
20426.4 24177.2
22494.5 6529.24
21028.7 1796.51
43784.1 11618.7
1397.57 24444.5
49310.7 49331
30661.5 47631
24217.5 40351.9
41205.9 6519.45
38678.1 11926.1
26783.2 10412.4
5927.3 20267.5
48929.2 44698.4
49685.1 13102.8
231.421 27273
31925.8 17388.6
30544.1 18215.2
24726.9 37976.1
20391 11799.7
14140.6 40229.5
19310.3 19269.6
59.3272 46543
47343.2 22042
31341.2 37779.3
26184.6 8767.77
6643.87 5418.77
32506.8 21411.6
22490.9 47281
33591 23450.2
46240.6 29946.7
9960.06 19048.6
15175.1 48428.7
46451.9 3012.77
18306.9 32587.5
19426.6 38469.2
37979.2 17077.8
42290.6 43192.2
41281.8 39994.5
41231.4 42709.4
49448.7 46549.9
40768.6 48351.5
39856.2 41280.7
29350.2 37631.9
6354.81 2415.44
3877.12 39884.3
18754.7 43228.5
3591.38 12625.4
19343.1 6654.14
34527.2 28946.9
26341.2 2452.6
31607.1 30903.7
6396.6 13521
21549 49292.6
10367 4113.88
17527.1 33177.1
4199.32 8440.02
25676.8 12291.3
31815.1 15969.6
10845.1 10124.8
36723.5 29087.7
34426.9 2195.92
12276.4 49990.8
48875.1 27454.6
23527.9 41383.2
48142.8 43149.7
5648.62 30035.5
10889.7 44567.1
49766.5 11541
42389.3 21465.1
35880.2 24313.1
18658.3 20463.2
11658 27045.7
47960.4 8915.11
21257.5 493.951
30419.8 38417.2
45723.5 16804.3
4018.9 12446.9
38635.2 47497.4
18045.6 8742.83
13627.2 44723.1
8725.17 36633.8
11964.2 23419.7
9076.34 45446.6
28664.2 1243.73
42882.5 41296.1
37573.3 32395.1
39115.8 8462.04
29638.1 4343.65
7189.58 49185.9
11050 22841
19182.3 26471.4
11439 42098.6
31958.4 2735.17
30964.8 11878.6
8444.15 17321.3
39540.8 23906.1
41009.3 36381.1
16149.1 5812.56
12863 46769.4
796.748 28768
9650.45 37787.3
23588.1 170.08
42472.9 36120.7
35488.5 838.298
6855.95 33552.4
10277.3 17243.1
15550.3 43391.5
42835.9 39202.4
49879.7 11674.1
30798.6 48936.8
4119.48 39913.3
33251.9 45060.6
27655.8 17520.9
21267.2 1871.75
15600.2 9462.9
12914.7 38549.9
36353.4 20739
25595.9 36226.2
5338.13 28325.4
46494.3 38409.3
41158.9 21498.7
49069.1 34266.2
13535.8 15057.5
13748.4 19344.3
49785.8 38700
5559.85 25090.4
14416.3 9476.6
27232.9 49077.8
8633.93 11580.7
11593.8 24234.5
49253.7 41191.2
7166.54 10676.4
10677.1 26411.9
7176.38 46715.1
14620.9 1627.29
40633.2 16473.6
21433 32374.2
37291.9 8596.92
47370 39729.9
31791.7 5483.44
36309.4 18467.2
5542.04 9754.56
39130.3 25375.6
31322.8 16739.5
16414.1 46577.7
40225.3 11158.6
4092.35 46151.7
35248.5 46651.8
36930.4 4188.78
14391.9 35489.6
10307.8 31534.5
28104.5 29602.5
12646.5 49788.4
27902.4 17517.1
528.136 46830.4
5135.36 39090.3
37098.1 48316.9
28465.1 9994.11
29315.3 9339.08
3960.68 8044.25
33465.9 45062.1
24020.4 41460.2
46321.9 31885
34645.2 25981.2
9520.42 21220.1
15215 46156.5
9024.78 47229.3
21871.7 7474.31
24420.3 2000.23
1280.25 35916.7
14594.1 31158
2220.58 21481.7
34208.8 6274.9
37649.9 19827.9
33359.3 2166.84
6143.18 8558.43
30690.9 440.135
27580.6 44775.5
43903.8 39966.2
24359.8 28286
5468.63 48357.2
2125.05 34166
32540.2 25226.9
37876.3 36426.1
43653.4 45699.7
43331.4 31434.8
47142.2 24300.6
21158 2217.67
39836.4 32007.4
30250.5 35688.7
532.546 17322.1
24018.6 48661
46739 15764.2
208.26 8592.07
12775.4 14355.2
26694.2 44984.6
41734.7 49094.3
29270.9 13487.3
12755.5 8508.39
17799.4 15707.9
22532 13381.9
28000.4 39657.1
5026.68 45846.9
6580.44 5472.88
4153.14 12206.7
21841 6057.36
33723.8 45940.7
37923.6 34140.3
36189.8 48016.9
45819.1 36239.7
8971.02 9223.04
9576.32 49959
42954 24725.5
41404.1 23211.6
20577.5 37439.9
33801.9 43474
37843.9 9320.1
3691.47 17589.3
44980.8 18014.6
12146.8 49673.1
26497.1 7137.53
47018.8 30098.4
29543.1 29804.4
16793.2 30783.8
23135.3 33262.9
39800.5 35758.7
44996.6 904.907
35523.1 13587.3
2077.67 7738.34
10177.6 44130.7
22604.6 46364.1
12387.7 15611
10939.5 2028.16
47758.4 45142.8
22328.2 11649.3
40021.6 40880.8
4440.49 19347.9
19333.3 20011.5
31682.7 1948.9
13578.2 14289.3
89.9354 42398.5
11402.2 10315.2
34701.9 46199.4
49480 15166.2
17707.8 48721.7
6206.31 22997.5
34024.2 49583
40185.1 22709.7
1939 12532.2
28877.7 41017.1
1147.95 18560.9
10129 22577.6
4452.9 401.402
39829.5 37888.6
48548.7 3928.37
33036.8 23178.8
3439.65 17590.9
23705.2 29749.1
31292.7 15316.7
48038.2 8018.71
14226.6 27889.6
90.0391 37471.9
3516.26 21642.6
33592.9 4621.14
10696.3 21073.6
27184.2 37044.9
29113.3 13662.1
14258.2 29010.6
4393.79 16685.9
49868.9 38821.4
22568 9816.18
12913.3 8789.41
49509.3 8193.07
20199.4 10222.1
1650.21 35226.8
24218.6 34995.1
15324.7 30623.3
43345.9 33201.3
22445.4 29931.5
38817 17114
46282.4 46064.5
26261.8 36751
18725.1 2612.32
3671.48 9984.77
28244.2 18171.4
692.225 27207.5
2691.25 41464.7
28075.3 8987.12
7490.89 34172.8
31698.8 48390.3
14532.6 21092.2
76.547 8287.85
918.509 47117.5
20013.3 46156
3376.36 20358
12276.7 44757.8
47943.4 33801.5
48598.2 44126
561.651 36827.1
34092.3 894.873
41113.5 49499.4
12219.6 27533.2
21614.4 13084.7
11011.9 24783.2
5459.25 978.81
304.939 43551.6
33692 36862.8
25676.5 43611.2
7547.08 21326.8
36295.7 36350.3
6861.38 34833.2
27298.4 7477.63
9872.02 44315.8
21138.5 63.5314
34290.2 45328.3
44544.4 6581.53
7172.32 38203.1
9831.26 20444.1
34992.6 43514.8
35309.9 39862.5
29507.1 46894
38094 17794.9
27039.6 9566.39
7563.25 22066.2
2805.55 19102.9
47410.3 6692.06
20138.7 520.698
16624.7 21042.3
6581.41 37224.9
23455.4 39385.9
24588.1 14739.4
16630 4136.99
11559.7 37014.6
49206.5 39892.9
60.2174 44975.3
8676.36 34539.4
48007.7 21120.5
41668.8 35072.3
2029.32 4614.26
39660 42515.2
46862.7 35326
44339.3 31321.7
42266.6 1382.44
29597 13334.2
36226.2 10877.6
21757.7 38943.5
17039.2 46954.2
13149.7 5259.21
36781.1 44050.6
37028 3237.91
44465.7 49934.1
12786.4 49904.8
872.133 10375.8
28865.6 12518.2
31988.2 42486.7
28221.6 30303.5
5814.38 47015.8
42472.6 29286.9
49745.5 46215.6
23111.1 20837.7
7607.49 31977.1
11763.3 47031.6
39757.9 21501.2
47421.5 38583
13366.6 16058.7
948.046 23140.8
3739.57 20495.3
15653 11230.4
4904.93 29988
43803.3 2776.59
37082 46521.6
49126 44930.8
9612.66 13525.7
32272 42581.8
14405.6 20132.6
25592.4 27107.8
11912.7 47963.2
18630 3572.95
40516.4 39770.2
5731.66 5834.92
8282.99 42470.6
33399.3 49681.1
12793.7 5856.64
15429.8 45916.5
1202.88 8747.58
5916.74 1894.32
27459.9 6915.73
34738.5 9705.04
44813.2 36467.2
23759.8 28554.5
48823.7 4970.3
19190 38101.4
42372.5 9251.52
41466.9 41806.8
17861.2 5929.38
32358.8 3659.76
11155 39212.5
48222.3 46610.5
48168 40222.2
39078.6 2833.08
1338.8 43450.6
47478.7 14602.9
23084.4 8987.84
6400.95 42771.7
36134.5 48371
19811.6 36338.1
10580.1 24151.2
352.908 48997.6
34253.2 49967.6
14532.7 27779.4
24397.5 49231
10177.7 44524.8
13274.5 4139.86
6119.75 6795.08
10972.5 33912.2
47117.4 36160.9
31010.3 13350.9
41689.3 7978.43
22243.2 28043.4
4750.9 48927.3
3200.44 22484.9
27231.9 39424.3
38879.5 41188.9
32273.1 13057
14096.8 46649.1
9100.06 45443.7
45311.8 35500
48588.2 11883.8
290.722 8835.76
30316 29493.3
17681.4 28488.1
11347.7 37695.7
4924.29 17613.6
8081.82 43187.9
29475.2 114.977
27563 268.418
4878 43519.5
46458.7 23253.8
24474.6 3328.75
27584 32032.4
19788.5 9504.46
3698.08 49176.4
47522.3 37228.7
13218.7 25624.1
16907.3 36171.3
15595.8 24923.6
12063.9 7720.41
13037.5 8540.93
12217.2 1565.4
15140.2 9469.23
19907.4 7754.12
4920.15 14963.9
22395.9 2502.39
91.6204 29462.6
44936 14925.5
19549.8 3091.7
8665.33 37982.7
35468.8 29511.3
46367.4 33309.9
43702.6 16196.9
40389.7 38459.5
23148.2 7955.21
46275.6 37318.4
27896.8 17216.5
22964.2 42049.7
17758 45767.7
18740.5 46283.9
6495.48 20362.3
19509.2 14510.1
29672.3 15116.7
33427.1 45364
33631.9 11051.6
28767 37157.7
29881.2 5700.56
47913.4 21306.9
5192.2 13657.6
5168.18 16455.1
45334.2 40024.6
45229.1 42145.6
40763.6 19108.3
13862.9 20398.8
46267.6 23556
15585.3 44121.9
27990 2170.09
39663.4 47127.3
27828.9 37536.2
5488.05 12697.3
35269.4 49961.6
909.234 20802.3
15320.9 10864.4
25339.1 46250.4
7633.64 46784.2
23923.4 4262.93
2847.83 20381.7
5138.52 15080
49665.7 36857.8
16824.9 8109.08
49523.7 36765.3
34727.7 26123.4
3584.56 40530.6
7142.06 15379.5
38136.5 34700.5
6178.21 49750.1
30447.9 18229.4
1481.18 42651.3
46881.6 43819.7
1607.8 42979.1
23395.4 45976.9
14194.7 49251.3
9764.59 43855.6
40406.3 49076.6
36831.4 11833.6
8603.57 1528.52
6811.03 15547.9
26297.8 34164
3542.57 19970.8
2346.1 10184.1
47037.9 10742.6
21865.6 26199
37935.5 45557.1
46110.8 34901.3
14770.5 21027.8
18050.9 8775.38
16163.3 805.751
7028.13 11375.3
3835.91 13129
22744.1 35925.9
25020.3 12877.5
19548.2 47304
31032.5 6766.05
13927.9 45810.1
46895.4 17936.9
49796.7 7463.27
13764.2 35260.2
30322.3 21716.1
22462.3 36457.9
17604.7 22620.5
21376.2 11644.7
9502.01 23287.5
17771.5 30355.3
46814.9 42517.4
3808.35 22961.3
24101 35755.2
19537.5 18272.8
41753.5 47303.9
45332.5 7259.01
41373.5 25205.2
48521.1 13553.2
41628.6 44603.1
42646.5 42540.3
5261.6 31437.8
37929.3 41232.1
48532.1 15185.7
45383.1 41783.3
18419.4 511.451
34618.5 45780.2
43323 10489
18480.3 15069.1
1718.72 30100.2
5933.72 237.892
2512.22 42400.3
1225.98 44406
782.893 24574.5
29307.2 46137.1
34487.2 19755.3
37047.7 40796.4
7030.36 41521.7
6375.7 27372.3
4016.65 38404.6
46112.5 12784.7
33970.9 44179.4
46830.4 15130.2
49489.4 35160.3
33419.4 46871.2
28923 46308.8
26521.4 19020.1
41385.7 46867.1
10926 42695.7
10943.3 43039.6
31876.3 5741.82
1562.74 20728.8
24632.1 6802.83
40261.7 32448.2
40867.4 44235.3
33575.6 9401.61
18087.9 12264.7
17806.6 42876.4
47653 37870.5
10020.2 23442.3
35035 40860.3
6867.12 6969.02
48991.8 8524.42
22130.3 35380.3
31232 4198.82
44291 42924.4
27608.9 13939.4
11285.5 5394.55
23386.5 9607.4
18244.8 33664.4
20946.8 37895.9
47838.4 9658.95
6645.16 33041.1
8504 23688.2
47545.2 40089.8
43901.8 45786.5
27021 47901
20097.7 41860.5
34577.1 2936.51
6400.92 33134
605.736 38600.4
20737.5 39090.6
28254.8 20490.7
40308.4 42385
39784.5 26965.1
13272.3 9843.16
6362.72 625.625
35772.2 40175.6
45715.4 39051.9
7413.38 13808.6
20364.5 49163.7
35127.1 31592.2
26468.2 22678.2
21528.2 49771.8
9692.96 6377.29
22878.7 29059.9
26037.5 13329.5
26705 17648.7
11432.8 21062.6
1514.98 15065.6
12362.6 2932.27
40131.5 32092.5
26415.9 24576.6
7078.45 20458.5
37276 578.177
45600.4 26484.2
19025.9 25721.5
45506.3 45900.4
30577 42545.2
42827.8 27053.1
42715.4 8256.91
41975.6 49637.8
10762.2 30369.7
26056 40949.1
42524.6 12247.4
24193.8 38720.6
46181.9 34253.2
45815.1 25814
33896.8 239.143
13322.9 11676
18419 23999.5
40057.2 47370.3
37557.2 49221.2
11335.7 49124.8
676.687 20786.5
18614.6 2191.97
194.65 22507.1
39964.8 34263.6
35501.1 46472.9
11262.2 6368.15
18735.3 38131.1
43962.2 6648.72
10498.6 9383.62
19987.3 19509.9
28063.2 16257.4
31783.8 1468.11
25171 7458.86
45893.4 33227.5
36114.8 47281.8
38723.9 417.862
32139.1 18060.2
39413.7 35772.8
41215.5 34516.5
13146.2 14766.5
23938.9 3916.54
18909.1 45241
30720.5 39493.8
49913.7 16850.6
42470.9 14831.8
288.116 19303.3
35427.4 25829.9
28310.9 10425.5
6580.28 230.391
15565.5 10801.3
39371.5 39318.1
44813.6 7.78801
49295.9 49929.1
20035.7 23898.3
22375.7 8030.89
24851.2 23277.6
42328.4 49265.5
44022 41509.8
37383.5 7813.54
17699.1 9932.26
28296.3 38251.5
29982.4 4253.16
33280.4 14114.9
41592.1 36876.8
37319.5 1789.56
1770.01 5569.15
48184.6 34432.7
400.274 43475.8
36538.7 41225.2
20369.9 39334.6
7885.01 23348.6
48231.4 20035.1
21699.3 45468.2
28549.1 6975.83
17220.9 29816.6
44592.9 44894.7
47456.2 42233.2
46324.8 16794
49933.1 40457.1
28684.4 15017.4
43392.3 12056
12648.8 12786.1
48547.9 48666.2
9798.21 17988.2
5442.48 35005.3
49008.7 38114.2
7666.73 5898.91
24210.9 8664.44
1648.6 42502
37979.5 34582
38100.6 8418.22
49743.4 38511.4
7410.92 41270.4
6136.89 9976.37
45104.4 36101
3761.33 2721.48
49501.4 38323.8
24466 49083.2
24780.2 37057.7
9907.17 30145.8
40022.8 26373
33534.3 1255.47
39958.3 20182.9
16983.7 22043.9
10828.2 25942.6
17809.2 24347.9
20348.9 45912.3
3647.17 24391
41925.8 31329.2
3756.98 6635.61
23820.6 45547.9
2028.97 7723.14
17974 10987.9
14804.6 17092.5
12907.1 18928.3
47849.9 48671.6
10320 41574.1
11924.2 9322.29
43519.1 28435.7
32739.2 27671.6
45025.6 23116.9
26905.2 8439.71
44147.3 14122.7
48149.9 15017.4
20429.1 45486.4
46446.7 12048.2
3796.87 3156.01
40243 39707.9
5813.39 16427.8
34455.4 1521.75
45296.2 11731.5
22034.1 29521.4
7688.03 1317.01
26108.9 13928.6
46551.2 19011.4
25770.9 10323.9
36592.5 23298
156.699 7078.14
37585.1 41988.5
26782.8 31487.5
49182.3 12962.7
6710.08 13494.4
13873.3 21555.3
43718.2 18104.9
4667.26 15528.3
47106.6 34529.5
15805.4 21948.6
8215.08 14918.9
16572.1 8349.18
956.444 38322.7
37244.1 43677.4
5057.61 15797.6
2558.19 46552.5
25782.6 3977.24
16528.1 37619.9
16367 31499.1
13295.6 33329.2
49927.5 30790.5
26189.4 46458.7
28679.5 15704.2
10432.4 4371.5
23178.7 48776.9
33764 41223.8
21648.4 11896
2826.55 19112.2
32550.6 22822.5
28361.2 12904.3
48.0188 5143.15
6619.59 41871.3
25104.2 9894.11
31365.4 35263.2
9900.22 19339.9
7173.67 40601.4
28850.5 9956.63
27248.1 15446
23749.1 44097
28840.5 39459.8
25265.8 2484.09
23833.2 44166.4
47259 34275.5
9796.64 10679.7
42420.1 21370.5
40833.7 39325.3
1666.21 32458.6
25211.5 30975.1
4677.71 45194.5
49734.1 35859.3
17027.1 13743.1
22466.5 46916
11730.2 19208.1
6415.37 27792.3
41602.5 41698.8
18050.8 33760.1
21302.9 6850.13
10410.5 32905.9
14445 9058.71
48273.3 43139.2
19659.7 36729.1
43728.8 38384.8
9761.75 1801.82
25400 40401
12966.2 7372.71
16975.3 5568.47
8615.81 40304
30102.3 49819.8
18044.4 7637.02
5297.98 17908.8
4883.36 15309.6
32896.3 44760.7
49759.5 17908.7
12996.3 5058.64
2648.79 20472
35263.4 2197.48
39833.9 37772.1
46936.4 49526.5
2219.4 12725.8
12082.4 4410.7
20950.5 27159.1
35582.3 32729.2
1196.74 11977.4
12342.2 25406.1
6775.16 12633
46590.2 19148.1
8234.55 21429.2
41170.7 45093.5
5574.95 3086.95
38371.1 37680.9
33264.2 48982
17237 43929.7
44794 29708.9
29440.8 3406.55
35039.8 8750.56
2580.82 38611.4
22744 43544
44635.6 17393.3
15652.4 34705.9
23009.1 40747.9
19550.9 15182.4
14873.5 48381.1
12354.3 10131.9
19414.4 27054.8
3519.83 45710.2
35602.1 12311.5
49599.3 44052
46855.8 45293.8
7989.42 18579.7
37809.8 42073
24719.4 9980.33
42460.8 23294.1
33026.1 16946.3
38484.9 32808.2
12090.3 12852.1
17847.6 46634.5
4895.24 44.6397
39791 48942.9
3609.13 702.524
42867.3 29171.9
30744.2 12654.9
34509.6 33994.8
6754.72 6214.64
9135 29189.8
40362.7 40856.3
42862.8 42114.3
5148.64 23503.8
22246.8 47151.9
38433.9 40707.9
16613.4 16863.4
2155.65 25658.1
8902.57 30829.4
15657.9 108.859
48757.1 30901.4
40889.4 15018.4
1489.09 32945.2
21691.4 36186.7
18629.6 20473
11862.4 41747
23224.2 42684
29004 15672
26299.7 1392.49
14002.8 35790.4
24408.5 24280.7
41643.6 48832.8
18226 1100.01
8084.65 200.97
49047.6 30276.9
2145.42 19473.9
35886.3 7505.19
45066.5 16985.2
15123 48513.9
28374.8 22666.2
31636.3 47559.8
21950.5 24237.2
2159.21 37922.1
7521.13 7277.71
49707.9 2654.44
46834.4 45632.3
43970.5 34868.7
23262.5 12523.6
26479.4 42470.3
10769.5 24530.7
23881.8 49827.7
4913.33 10623.6
30813 49822.9
2416.12 40794.8
1539.88 17468
28076 130.263
34350 10561.7
38065.3 17937.8
49349.6 27490.7
39317.2 11285.2
11846.4 45271.9
1615.2 47521.5
24072 2587.59
36671.9 14478.9
36999.3 28472.6
49993.5 11502.7
33537.5 41514.9
40010.2 40603.3
43430.3 32036.8
313.923 20953.7
29167.2 46101.2
15309.6 19737.8
417.621 31735.7
40183.8 48365
13201.9 31786.7
17212.4 49023.9
17045.1 38249.4
49164.9 38678.5
27443.6 48865.1
27517.7 11078
49188.9 30782.3
1115.84 10274.5
45490 21319.1
40560.9 20936.9
20606.7 798.328
2227.65 23799.8
39972 47812
13148.2 5768.19
5002.14 21876.1
28033.3 22545.7
5083.55 33229.3
43116 14214.7
7272.98 49718.3
49693.2 18911.3
4064.8 41705.5
13174.7 30580.7
14772.7 16766.5
4652.36 230.482
9689.97 24877.1
25317.4 4141.34
3972.36 22734.3
13351.1 44780.7
25573.2 12779.7
23340.5 31111
42984.1 46325.6
41797.3 5613.54
