17909.1 21857.8
26867.6 40577.6
34719.8 22410.1
13002.8 23878.7
9159.38 21309.9
15616.8 22773.6
20375.5 21089.2
17975 20769.1
1559.1 14453.5
16779.2 18980.1
30113.3 6928.37
10945.1 6588.7
30718.4 25336.9
32658.3 18372.6
9691.22 19787.5
1314.61 13144.6
21424 27643.4
9965.52 20478.9
9186.83 20235.5
39219.4 885.36
19237.8 24998.3
30809.7 12804.6
1788.99 15032.6
29892.2 6475.77
14763.9 26506.3
18246.6 25980.9
10690.8 23120.8
802.526 12619.6
16326.5 22770.4
38301.7 1589.38
20972.2 30264.2
44770.3 3007.76
795.47 9127.61
16458.9 19020
1887.87 13959.2
10265.8 6701.78
2030.35 13237.1
16664.5 24801.3
5804.6 25277.3
33264.4 18922.7
29083.5 17253.1
9947.54 21707.8
25501.2 20806.1
10920.8 8645.56
38788 410.175
38022 2256.18
2125.9 13184.1
11215.4 16236.7
38781.6 923.962
39441.5 199.323
11392.9 22892
9136.81 2752.72
37838.6 2351.57
34841.3 20739.4
11242.7 6522.09
31509.1 41100.4
24897.7 41266.9
30744 7625.78
10282.8 3275.67
16477.7 22574.5
2461.18 14144.2
21915.9 22258.1
9950.21 22214.1
17496.8 25027.5
18332.4 24977.7
17035 20753.8
8000.18 26841.2
40230.1 901.342
14039.9 22942.6
29607 40748
26808.3 46775.9
33904.6 36220.7
15810.7 23837.8
10733.5 19894.6
31583.4 40989.7
10877.8 7296.04
19630.5 25380.9
16724.2 24709.8
15846.4 22902
17024.7 19100.8
10443.5 21902.7
894.249 13027.2
20252.3 21559.9
10720.4 7692.18
15345.4 22096.6
2494.11 10553.9
8947.27 22221.3
