14654.4 15728.5
23908.7 11497.8
18762.1 640.971
7168.16 15584.6
6765.32 3472.77
39306.3 13994.1
467.991 44481.8
46591 49355
11226.5 12282.9
14404.9 28204.9
18223.4 28592.2
26622.4 49415.2
32037 3367.83
38550.4 19024.1
1377.72 9778
14767.2 49051.2
23162.8 24403.2
6356.56 25541.6
1322.83 46066.9
42643.5 15517.2
35595.5 15494.3
39725.7 44372
18070.4 44128.7
19502.8 47353.3
27282.5 38696.1
34055.7 42368.3
37212 41441.2
27061.8 5798.66
48897.5 34938.2
7638.17 44956.3
18955.7 47510.4
46928.2 13602.8
31926.2 548.658
18263.4 10581.9
30201.3 2261.85
48857.8 19891.3
8820.26 49084.4
42568.5 46873.5
8463.6 10231.8
15301.4 48946.8
13384.6 5916.5
29063.7 9113.23
28524 8947.89
27011.7 5929.18
11836.3 48178.1
38502.5 20.6759
12338.1 23524.9
4982.83 44944.7
7398.15 41508.1
19410.6 944.597
13558.5 41458.3
2711.48 24102.9
23686.8 40261.1
37346.2 18217.4
6967.96 25124.2
38908.8 13975.5
29018.1 12452
20739 46703.7
20675.4 20001.8
48088.6 47081
6471.1 41995.4
1573.58 3508.49
2766.19 47446.2
44933.3 39764.2
7203.49 9044.28
30822.6 6291.17
3553.5 11395.3
26769.1 2531.25
48107.1 37468.2
25669.7 42493.2
16885.3 26787.1
763.068 11943.4
28812.4 13936
22878.1 24042.6
41679.1 21608.7
12090.3 40430.3
18624.5 4995.05
35880.8 6135.51
18650.8 29401.2
7972.9 13821.6
29019.8 12612.2
40530.9 13889.2
23804 11160.8
19151 47752.4
19794.7 45424.4
21930.3 30154.2
19418.9 44629.5
45573.3 11417.6
19513.9 7657.84
8739.18 39108.6
17628.2 28589.8
25076.2 42314.5
37234.5 20707.8
47862.5 11516.6
36028.6 42336
35300.7 43757
7145.32 14567.7
5744.59 45017.1
41089.9 40187.8
47235.1 35813.3
13371.1 36398.6
2301.39 40459.1
5766.39 32121.1
12112.1 30140.3
4665.04 15702.6
1720.98 6405.54
37087.9 11382.6
20426.4 24177.2
22494.5 14829.2
14143.2 6061.54
8980 21068.6
46883.1 45840
25146 43002.9
16164 42359.8
43491 12175.3
43066.1 7688.72
30499 7066.71
8248.6 18701.8
46887.3 45761.8
42612.8 14922.7
2861.65 21880.2
17187 22516.9
12096.1 11510
18538.9 47268.3
20369.5 13262.3
16822.7 44389
48499.3 36579.5
14339.5 8528.01
35435.4 14834
21144.9 44938.3
37176.5 18515.2
6098.02 19591.3
24552.2 47773
41849 12450.1
32221.9 42697.4
47463.7 46424.7
48257.2 34906.4
48069.5 39035.4
32628 43651.5
41353.2 48323.3
22772.7 40560.4
16695.3 4238.75
17430.9 29295
29709.1 48914.6
867.087 21770.8
23910.8 8687.82
44637.1 42862
19413.7 3627.22
5438.94 10889.8
15166.1 44305.8
1766.98 19009.5
17119.5 29298.4
1525.26 13922.7
29500.1 3703.96
27665.1 8781.6
2671.19 8683.56
24297 8861.99
8808.45 45217.6
33120.1 37112.4
45092.8 48432.4
15682.8 49530.5
43409.3 14921.2
39961.9 19779.9
13401.9 12670.3
5794.32 25364.3
17473.3 1437.45
2585.82 18896.4
42837 48148.9
11283.8 15272.6
13888.5 47209.4
12660.1 28371.1
1182.57 42881.8
11840.1 4819.81
25692.9 40695.8
44016.6 16447.6
35735.6 14819.3
17111 7151.27
659.787 42424.1
11552.3 15658.6
29771.7 40025.2
15972.1 46180.3
21972.3 5979.85
14431.1 16619.6
12108.9 15987.4
18434.2 156.742
6892.44 41003.7
23204.2 48376.7
19772.7 6276.03
47279.2 37498.9
27039.8 4958.99
11088 27727.5
3515.5 23772.9
12170.1 49748.8
41144.5 39818.1
34445 9534.16
40055.8 47304.5
6866.56 48541.9
37684.6 39386.9
21126 24282.7
22992.8 9990.37
135.923 16034.4
5993.84 18948.3
48067.1 41396.1
8684.34 13847.9
3407.95 21167.6
15152.1 29361.1
14416.3 9476.6
26005.4 46561.1
6625.98 3527.22
10805 18136.4
16773.4 26199
174.49 5059.48
15143.2 25388.6
25573 3809.67
30689.8 299.262
22574.6 7360.78
26924.4 9700.69
15993.7 45775.7
23119.5 12956.5
1153.43 42106.6
46538.6 40639.7
37932.4 11318.7
12104.1 27511.1
1707.79 46430.1
16231.7 47412.1
23095.5 13761.6
4871.2 46117.8
4845.7 47385.3
45151.6 46309
28213.8 2798.5
37489.2 10780.4
4327.13 18537.9
37362.5 37733.6
28661.7 48341.2
38056.3 20924.1
11201.8 15356.4
11324.5 46428.6
1864.22 46476.7
7956.6 17584.2
19003.6 1736.98
33183.8 349.577
48705.9 6651.96
10710.9 10592.1
27621.1 3452.84
27956.2 33522.9
16777.4 24910
1572.02 41028.8
9903.11 46395.1
46156.1 35847.2
45646.1 48074.4
49689.6 36769.9
41468.6 19867.8
18385.2 2607.36
44369.6 36089.1
35057.3 39444.2
860.602 7927.81
24269.9 41465.4
34366.3 3816.07
6603.84 11745.9
8730.32 11416.3
38750.5 42864.6
49136 38824.5
24319.5 12791.4
18238.1 11182.5
20727.9 9130.35
17530.5 8202.68
16052.3 27284.4
10713.4 48127.6
17074 5839.32
12227.7 9891.33
26647.9 2301.82
37672.3 41335.9
43535.7 46881.8
48748.7 34948.3
15776.3 46859
38730 17729
20287.9 45734.8
35146.7 15995.8
1081.75 18974.7
16228.8 34998.4
16511 3892.85
29165.8 18835.7
37394.8 42881
38504.1 5756.57
37507.7 6666.24
980.117 18180.8
13523.2 40415
18161.5 42635.9
3954.94 17402
16908.6 6054.35
20271.1 4638.69
45940.4 42356.5
1875.65 11454.1
17836.4 27054.2
20327.5 6245.86
8726.89 43603.9
1810.02 14586
36768.6 42892
35077.5 8540.64
17597.7 47722.7
10036.5 19783.6
37495.8 41426.6
24022.4 16826.9
6926.82 12881
37817.6 43921.8
7591.18 34508.5
12610.1 28150.3
899.805 6463.21
36901 44466.2
40408 8628.37
30472 15285
9408.72 13564.7
19784.2 25076.2
41385.9 18210.9
8689.36 24875.1
31506.8 2606.63
10696.3 21073.6
20643.7 42154.9
22347.5 11199.6
10049.6 18971
33983.8 33344.6
19971.8 8767.28
43810.2 9723.21
15571.3 4706.54
1614.33 43091.2
16957 39880.5
12710 25998.1
38817 17114
38699.9 49440.4
39043.9 48260
14828.5 9940.78
3169.23 17167.2
36463.4 17016.3
20875.3 8987.12
48522.9 44814.2
10300.6 26917.1
7076.55 10587.8
4552.94 46915.3
21052.9 41265.2
5102.02 12239.4
8896.52 38400.6
47042.4 34246.6
49253.9 34748.9
46004.3 48459.8
12219.6 19233.2
24288.5 7602.1
13709 31458.9
633.266 5836.78
122.23 43633
26152 21403.5
22296.3 49968.4
13990.3 37274.3
33308.9 19411.6
2955.87 48397.8
29172 5396.82
13891.1 49297.5
17015.6 8288.6
25995.3 45618
36962 9957.45
9457.42 43858.9
15356.4 28048.9
37711 42935.7
20130 46238.3
46588.7 11623.1
23330.5 10771.6
1745.3 36143.2
9335.34 25864.7
47410.3 11692.1
23043.5 9460.63
9436.73 16892.3
38914.6 46925.9
22862.4 6620.78
4469.98 7955.86
8994.84 44908.4
49206.5 39892.9
8216.83 46360.8
13483.2 38294.9
46620.1 34376.5
7026.28 4439.77
27181.2 30121.8
36343.6 4261.37
35703.6 5905
22413.4 29566.4
22389.8 42136.4
23490.2 7082.51
27679.5 2255.34
48821.3 43503.7
9147.96 42444.8
7766.09 7973.06
28865.6 2018.19
4786.36 45181.9
38351.9 37735.6
34937.2 42648.1
16700.8 26727.1
13444.7 41167.9
43138.1 15144
44549.7 38986.6
29314.1 9615.48
4512.14 27301
13832.8 23389.5
22691.8 15628.7
7298.71 47020.6
41520.9 454.83
47479.8 47982.9
3643.59 17551.9
35777.3 44291.5
14405.6 26232.6
18916.2 4219.58
5715.07 18149.5
12031.9 41395.6
26413.1 47939.3
5807.55 7598.48
20431.3 40737.3
7438.26 5147.58
4455.78 5510.34
23897.1 5329.46
29467.6 3423.47
41213.2 42702.5
33869.7 42469.6
43037.6 7933.57
36222.6 35707.6
35491.5 4610.22
36287.6 46808.4
25979.9 4203.72
26472.3 2127.26
26050.7 47812.5
45293.8 40032.9
33234.5 1301.41
17286.4 49893.8
40345.8 4494.81
8824.98 18606
15749.5 41789.1
46323.2 41841.1
26101.5 43323.7
7989.08 15115.3
2109.83 45716.9
49953.2 48567.6
17943.7 22722.2
29385.3 49579.8
13783.5 49691.8
1494.01 8222.69
2968.37 7350.75
41408.1 11889.6
25155.6 3237.47
4576.4 43930.3
12637.8 27087.8
33590.1 44759.5
37090.8 7706.33
21092.7 30936.1
7624.34 39524.9
42492 11670.9
4171.47 12114.5
25000.9 13135.2
19362.8 22624.4
6674.86 41616.7
2085.53 9814.11
7859.28 44306.1
28533.5 9888.07
20660.2 227.49
19840.8 48758.4
19172.7 1343.8
36184 46928.1
10289.6 1533.89
7506.3 45691
9057.69 8934.97
19263.9 7720.41
5841.87 8289.65
3109.55 12254.7
9615.06 17074
21617.5 12452.6
7306.12 26853.2
28314.7 3978.11
91.6204 46662.6
28773.3 20808.2
4595.04 2264.35
15023.5 32647.5
40209.8 46045
26544.5 14997.1
43318.2 45037.1
29506.4 2620.08
38735.6 21859.1
33815.6 15740.8
25529.1 49943.5
23240.6 43093.6
9800.59 49188.7
9145.08 16122
10804.3 20381.6
33427.1 45364
34154.6 16024.2
27017.4 11086.5
6597.02 25702.4
10933.8 22425.6
38243.6 38774.3
12121.1 27384.9
38214.1 21548.1
17458.4 48757.8
29436.6 5136.11
37182.3 41554.7
21067.1 44066
10489.6 7518.04
308.963 37991.8
21387.4 10226.7
25599.8 46001.4
2350.89 43734.2
33790.2 671.719
2917.3 20309.8
22378.7 14277.2
46572 33809.3
9680.84 40743.5
17.8494 21357.5
38349.4 40796.8
9024.92 43975.5
35083.8 16356.3
1593.56 42373.2
47995.9 38779
17354.7 45128
14194.7 49251.3
14565.8 49543.1
16208.3 7053.7
13388.6 12619.3
18744.7 41457.9
5396.1 15466.9
47037.9 10742.6
13724.9 30899
22911.1 25727.8
22857.8 12530.9
18346.4 11076.3
9421.91 28407.9
11375.9 28588.2
21111.8 26668.7
19495.1 5272.75
20809.1 48289.1
25975.4 10177.1
22101.8 47251.4
44245.9 13696.6
33900.6 3368.81
14516.8 42420.8
31234.6 49122
1246.55 27935.6
10978.4 10183.4
8041.05 19671.4
20234.1 23589.5
46400.4 42797
3424.1 36999.2
20509.7 25888.4
29647.5 32187.9
40187.8 44982.6
37032.7 11672
48122.8 33248.7
48498.4 2289.07
44308.3 41107.5
46508.6 43083.1
17634.2 19489.6
44400.6 38075.9
47205.3 9291.66
46442.6 41219.9
24525.3 4326.87
31631.8 28841.5
27917.7 10466.2
3516.61 47206
1332.95 5254.16
2602.54 47432.4
6611.96 47269.8
10375.1 28845.2
21253.7 48145
41236.4 11711.8
11428.7 48560.5
610.039 21401.8
3149.07 46659.1
44399 242.195
38851.9 12842.4
46569.6 21350
37987.1 48904.8
36618.6 43199.6
17400.6 21294.1
35343.5 39666.3
13976 47978.5
5886.12 39628.5
29575.9 1415.37
31618.2 5060.99
45140.3 39163
47224.6 47615.5
27535 8552.66
12286.5 14149.7
20615.3 49769.2
47653 37870.5
13235.2 14609.1
11255.1 11206.4
18104.1 41349.4
14126.2 5996.71
35991 42924.4
21512.7 13726.5
5200.38 5820.06
6196.93 10207.7
18938.8 45949.4
33579 40.8287
4266.59 28076.1
39566.7 42377.6
34781 43512.4
39724.3 44962.2
20946.6 47901.1
28821.7 374.072
10751.4 42335.2
45364.3 46627.4
23250.8 22224.2
5098.36 8401.88
12720.9 5960.76
49168.2 35717.5
3892.08 22524.2
23767.9 46190.9
25508.9 17332.7
33453.8 16388.4
38466.9 46785
12849.2 12848.6
28071.2 8761.73
4892.26 26172.6
3391.3 20617.2
1764.29 3690.84
39378.9 39253
26297.3 22880.8
15131.9 22466.4
36236.5 5468.92
42189.3 21427.1
45974.7 46420.6
42840.7 45513.7
46720.3 15526.6
37232.8 5582.84
36133.4 46788.4
14659.8 30505.8
9522.33 45690.1
38111.6 20547.1
32793.8 23824.9
28341.9 7204.28
8681.61 4795
18419 23999.5
38424.9 38113.1
41078.6 40505.7
9175 42151.2
4315.51 27302.6
19514.5 3264.43
5710.17 17879
40473.7 45950.3
8029.68 11541.2
9795.38 41035.9
47562.2 12884.1
26856.8 14698.7
12291.6 22619.2
43249.9 8182.52
22435.3 485.542
8065.25 9256.75
45113.9 33677.5
30008.4 3939.16
38716.6 15131.7
6605.69 19876.5
12207.7 8562.91
25951.7 43744.1
35361.8 46374.8
48281.4 7593.39
41028.8 14630.5
2769.21 13730.7
2592.87 8396.21
8369.86 10550
39546 44315.1
48555.6 8412.41
44082.8 46066
14553 21224.2
21507.4 3106.85
39585 46218.6
48262.3 38860.2
29584 10652.3
25677.6 7644.47
37895.5 48210.7
20946.5 1662.17
38035.7 15659.9
37319.5 10089.6
4191.89 11248.5
46474.5 39131.1
15529.5 44048.1
22851 44907.3
14927.7 21851.6
23707.2 37414.7
21563 8717.67
19051.8 26373.1
36539.5 46902.7
44855.2 44575.2
30162 22676.7
19569.8 29603.8
39154.9 16444
3167.65 650.719
19701.9 44623.4
49609 20924.7
6332.85 9563.71
15931.1 9243.42
26152.4 20790.9
45851.1 36399.5
3825.43 46205.4
254.146 26139.1
40983.7 44549.6
3182.36 11001.3
35557.3 33326.6
41655.6 49683.5
20247 41139.4
14797.9 31185.4
47458.7 16275.6
24498.5 3846.46
45555.5 16685.5
12595.7 17806.5
26990.9 31825.3
985.081 27923.9
26396.3 48506.4
7470.5 15803.7
46046.5 39777.8
6172.61 6514.3
15546.5 39083.4
7086.1 11134.2
11502.6 14144.2
10391.5 25392.2
11465.8 10754.4
15884.1 32669.6
17711.4 1914.99
30737 16926.6
32990.4 34867.2
45025.6 33616.9
27427.9 13412.3
41660.2 15800.3
41228.8 13032.8
14773.3 43201.3
910.908 3458.06
23304.3 42694.6
249.239 7523.29
25739.8 5043.05
47310.4 13676.6
14055.6 31809.2
4600.22 13120.2
33402.8 6375.58
42542.6 7577.14
28927.1 3852.59
47181.8 9744.24
3536.89 13435.4
23144.3 24027.6
5441.82 19461.1
15671.2 38661
43718.2 18104.9
2167.26 11198.1
40883.9 22327.6
17504.3 21889.3
14185.6 20684.6
7172.06 8349.18
7556.44 26891.2
40141.9 49940.2
5925.85 10873.5
12668.1 32637.4
21637.4 1181.28
15052.4 31701.1
18453.3 25766.9
13797.9 26146.7
19006.9 45956.4
14093.1 6589.56
1722.39 7776.72
26811 47991.9
21473.9 6899.04
1501.75 21232.3
15988.6 11051.5
22782.3 47754
14514.8 23447.9
12092.1 23833.9
8971.56 23495.6
13137.5 2960.76
26246 22575.9
36144.7 44496.9
42755.6 49569.8
14958.9 10736.2
38803.9 48489.3
1496.94 6266.64
43479.3 15363.2
45785.1 40021.1
1966.97 47773.9
35800.9 44528.8
47321.8 34222
5078.95 1370.43
24305 48458.7
8573.88 12736.8
20674.8 37410.4
38524.2 37758.8
30423.4 21812
25836.1 10931.8
5769.2 26024.9
21120.8 6361.55
41830.1 27191.7
36765.4 34931.2
9091.37 5527.49
15413.9 43645.6
17206.5 10022.3
11796 10570
17924.3 38995.8
32664.9 45206.5
6005.3 4527.3
8530.49 12735.7
6982.3 27219.4
44744.2 12530.4
4696.31 5058.64
4697.62 18871.3
36513.7 9288.1
47460.8 44675.2
232.115 18178.4
13880.3 21516.5
14782.4 32712.9
2906.38 15482.7
19338 41119.1
2693.47 17166.2
41617.6 19670.7
19743.6 34211.3
10007.7 8760.63
47989.2 23421.5
38457.2 43475.4
24697 47568.2
29440.8 3406.55
35850.7 12565.3
10559.3 40899.1
25042.1 45472.4
44635.6 10193.3
16437.3 48587
26165.4 47219.2
23136.4 10247.4
19612.6 46710.4
8492.3 9589.11
6238.41 38110.8
8410.57 44670.6
28511.5 11061.2
49411.7 38440.9
43465.3 46185.2
2020.35 14553.5
43325.4 46701.1
37458.9 11272.6
40439.2 42002.8
8981.09 5156.48
18701.4 48886.4
95.2356 12344.6
37082 45475.7
603.56 3663.36
47470.2 38609.2
35668.2 13523.1
21333.7 22938.9
17025.3 4031.56
2550.93 39461.1
40362.7 40856.3
43968.4 47808.8
6358.25 18652.3
28313.4 47789.5
20845.4 22688.3
10605.9 37056.5
827.66 46016.1
13703.5 9303.45
36878.1 44261.6
14214.9 22820.3
5943.61 40271.3
16548.5 45381.2
26202.3 934.627
27968.6 2066.78
18367.8 23431.8
41643.6 48832.8
21894.6 4642.77
8510.17 6286.11
5589.84 18821.3
31245 624.182
20378 46063.5
21699.1 25363.4
36654.8 47401.5
10234.1 22735.4
10753.6 12450.8
39681.4 10366.1
48950.4 42719.8
46566.6 33819.8
26479.4 42470.3
26228.8 16990.7
23881.8 49827.7
6284.97 23208.1
26426.7 43615.6
4952.93 45371.3
243.725 29800.1
31487 5187.39
27021.5 6665.1
32191.5 26290.9
24421.6 2685.17
2810.49 47862.9
1233.42 43628.6
15997.1 17774.3
27956.4 10957.5
44657.6 11174.1
47963.5 36118.5
6420.41 13676.3
33100.5 36365.8
19391.3 24271
9532.23 46322.1
39181.7 41235.1
16723.2 40502.2
106.446 41236.1
49164.9 38678.5
25558.6 43063.6
14341.8 22.0234
42163 38585.3
11225.7 24189.6
35245.8 4578.72
23620.1 6217.69
40589.6 47948.2
1499.71 23363.7
22776.9 14752.7
2182.95 47923.4
6694 41438.5
42285.9 13124.1
826.85 45650.8
21474.7 30580.7
13311.4 27164.3
1034.04 16143.9
4991.51 26587.2
13243.5 6428.12
805.271 38743.6
16948.5 49418.5
49035.9 41247.6
