19657.3 4491.84
23978.2 11425.8
23765 11877.6
7417.65 16758.4
15422.8 5160.41
34663.7 10862.7
409.212 44400.9
44730.3 48003.1
11226.5 12282.9
14968.3 29264.5
17361.8 30724.7
26707.2 49468.2
32859.6 68.8227
34050.4 19024.1
47521.5 13038.2
1377.72 9778
16245.6 47289.3
23252.7 24447
48516.2 28295.9
6430.87 25474.7
112.627 43102.9
41444.3 15475.4
39997.2 16429.9
48850.6 28724.8
39725.7 44372
18153.3 44184.7
48773.3 7564.08
42793.8 44137.6
19502.8 47353.3
16630.4 32546.1
23403.6 36218.3
28364.2 32896.9
39093 3241.35
48853.7 34848.3
2255.1 43412.7
18955.7 47510.4
49089.5 12816.1
32943.9 1184.56
15444.6 12483.1
29751.3 1482.43
47146 32071.6
6141.03 46991.2
42078.5 16572.1
42651.4 46817.6
5834.56 5287.28
12326 48037.1
11283.4 6851.99
46427.2 24162.8
27071.8 10263.2
30063.1 13176.5
24944.5 6937.44
6290.79 47398.7
41478.2 11955.3
12338.1 23524.9
563.091 46399.3
7523.58 40314.7
20490.4 2975.38
14941.5 38352.2
4541.8 28213.9
23686.8 40261.1
39046.2 21161.9
11334.3 24035.6
49297.9 11869.5
25669.7 11861.6
20649.1 46659.9
24476.4 31699.8
42688.6 49981
2740.43 44511.8
2046.77 141.582
2676.31 47490
20879.9 35421.5
40761 41449.9
41786.6 30813.9
4013.6 10225.2
31348.7 5212.62
4944.07 15675
23643.1 5768.28
48191.9 37415.2
25079.3 39144.8
14854.6 27866.9
2417.55 10345.6
16519.9 14365.2
22874.6 23942.6
47029.8 33632.7
41763.9 21661.7
12912.8 43729.3
30804.8 3283.22
36200.9 3857.9
17879.5 28482
7382.5 10473.2
27857 9417.29
49075.2 22737.1
24812.2 9093.62
19151 47752.4
36387.6 29.3559
19871.3 45360.2
36051.9 41021
36443.1 45346.1
23018.9 34520.6
23698.7 46020
48323.9 13416.1
16458 6167.37
37959.8 31651.9
832.897 48531
17617.8 28689.2
27026.7 43533.3
38773.6 16479.2
44731 6873.99
38293.7 42735.4
47235.4 40781.4
8497.22 16428.4
3298.83 42655.3
34509.1 47367.5
42991.1 37369.1
41388.4 17821.1
46038 35897
23568.2 29520.5
44902.7 17630.6
7693.35 29403.9
2790.75 44055.8
8471.54 32785.3
47924.7 12174.1
7132.94 23758.2
7310.07 19343.2
1064.76 6668.94
35390.4 43008.1
9236.79 18401.4
45651.3 17369.6
45163.7 43854
37296.3 12564.4
11020.1 32914.8
20426.4 24177.2
22494.5 11429.2
17590.9 1648.68
5873.94 22451.5
48047.5 46130.3
26907.9 44481.3
19463 41537.3
43041.5 11062.6
42202.9 8522.31
30424.6 7133.63
1865.01 23007.6
46973.9 45711.8
45881.1 13985.5
1853.39 23947.4
27171.3 18574
30544.1 18215.2
22578.9 33572
15494 11628.7
16737.2 44384.9
20161.1 14444
4642.39 46100.9
36229.3 37437.5
30789.1 10443.7
11187.1 7254.35
34499.9 16935.2
23529.5 48754.5
36471.1 19486
6098.02 19591.3
20063.1 48086.9
44303.8 7416.86
22271 35467.6
21419.6 33992.8
42876.2 16906.8
46446 45788.8
42300.6 35201.6
44510.1 39068
49790.5 41661.8
36525.1 45901.5
40875 46073.6
24873.9 39624.9
11180.4 3266.32
7738.38 36867.6
19266.9 48101.7
1755.81 17168.6
23819.5 8647.15
37407.4 32911.1
23144.3 1110.85
36267.3 32417.9
5438.94 10889.8
19579 47753.5
7916.98 8357.4
17119.5 29298.4
2051.3 12844.1
27669.8 7814.91
29365.1 11726.1
6019.54 9273.97
36211.3 33960.8
29716.7 845.294
9513.79 46188.4
49159.8 26815.1
28004.3 39390.1
45692.8 47393.2
10308.8 28521.3
14293.5 48091.9
45440.1 13841.4
42560.3 26362.1
39159 20671.7
15918.2 16401
6947.84 25695.1
17473.3 1437.45
32486.5 35109.8
48320.1 12648.9
157.645 15463.6
41917.8 48920.2
14520.8 12146.7
14139.4 49596.3
8725.17 36633.8
12646.2 28272
4416.16 43932.4
23871.3 2262.5
37985.4 41125.1
39408.9 27851.9
36815.4 12788.5
26621.3 482.401
3785.75 45661.2
11391.8 17953
22199.1 30332.7
15080.4 45377.3
27298.2 4249.35
26254.6 13229.2
12108.9 15987.4
41841.2 19579.6
41009.3 36381.1
17984.6 1269.36
9338.2 43365.5
5649.06 29449.9
13511.7 40804
20991.5 4325.52
47183.1 37471.4
31084.4 2986.32
9736.1 29588.3
6752.52 20647
13249.9 47718
47440.4 37526.5
46737.5 9963.43
35624.1 48085.9
130.544 42017.7
36268.6 41199.3
24252 21045.6
22285.9 6664.67
11057 11298.5
8438.36 40543
32949.6 17214.3
30306.1 37576.8
5679.94 23437.3
47006.5 33536.1
48387.2 39118.5
8781.37 13872.1
8922.87 20195.2
49332.7 34481.6
10036.2 27083.4
14416.3 9476.6
26049.3 46651
7448.51 6826.22
6883.65 22883.8
47044.1 38317.5
9314.55 15080.5
15574.2 26240.9
3534.97 43436.4
11147.3 968.449
35736.2 16644.6
18154.2 28732.8
34142.2 4843.3
47198.9 34832.9
30772.9 690.521
40913.9 20143.1
10394.4 9072.61
28726.2 12584
18510.1 49506.3
35352.1 11670.8
1212.21 42187.5
39212.7 49532
37612.3 9041.09
13041.3 30779.4
7857.79 35778
32348.1 32052.5
16189.8 48611.4
24041.2 14500.4
2495.31 49599.9
4964.36 43987.3
41852.6 47131.5
28294.1 5097.1
34140.9 10190
4131.69 12941.3
35766.3 40735.6
26760.4 45522.5
43172.3 35638.6
37385.2 21918.9
10871 16509.9
11324.5 46428.6
4151.62 46717.2
17907.5 10354.5
21164.9 950.331
2210.81 39327.6
18920.6 28857.6
6547.03 23782.2
33696.6 1401.74
40799.6 16074.3
33530.3 7063.85
10619.5 10551.4
27829.5 2271.07
31334.2 41625.9
39360.6 38130.6
19883.4 26292.9
3168.22 44030.8
1358.81 37547.2
27880.1 26741.1
42764.4 36084.3
46803.1 49453.3
47085.1 34584.5
43281 21283.9
18385.2 2607.36
43477.8 35286.1
34111.7 38705.4
703.554 12425.1
24189.6 43764
43214.2 12360.4
2114.8 11432
8811.22 11475.1
30218.9 48388.4
46587 49776.3
24418.6 12805.3
17159.6 10656.4
19792.4 11231.5
19128.2 9857.17
24596.6 36132.3
8305.42 49488.3
11477.5 5643.89
404.215 13281.7
25702.3 3040.61
32705.1 41147.8
37752.6 39037.3
39491.1 48854.5
49861.3 34498.7
11711.1 13285.3
14476.3 49959
47280.4 27025.9
39256.1 18807.5
20406.5 42336.9
36102.3 39147.6
36008.3 13863.3
77.2108 18944.7
14517 47178.7
21837 5623.34
47018.8 30098.4
33869.6 32104.8
20318 27380
27197.6 36002.9
39800.5 35758.7
41630.1 2519.54
36873.7 8877.14
1565.48 12611.5
13456.3 40489.3
26358.2 49513.8
7535.43 16292.9
15001.8 4768.21
49751.4 40666.4
21142.8 6894.83
44776.1 42066.2
2926.31 14687.7
18314.6 24804.5
33033.3 6659.08
16727.8 10535.7
4237.85 43290
6925.87 12308.2
36768.6 42892
46635.7 12747.5
17597.7 47722.7
9959.93 19847.9
36331.5 46904.2
35580.6 21033.8
6827.07 12874
33537.9 42531.3
2983.52 23104.1
12122 27054
1370.18 1987.86
37836.5 42365
44305.1 6378.37
31522.6 18518.6
7501.93 14850.9
20555.5 25995.5
36002.8 16667.3
14903.9 24048.8
990.039 41371.9
7671.7 24239.2
30068.2 1217.31
10696.3 21073.6
23322.9 40061.7
24508.8 11986.2
10616.8 25731.9
8937 18521.5
45681.8 37145.5
19971.8 8767.28
17156.9 11239.4
46021.1 9089.24
17049.7 6468.44
631.445 40019.7
29044.2 34144.2
16175.6 35448.9
46749.8 29676.5
17902.2 28095.9
38817 17114
41806 48057.5
29903.2 40029.7
16424.7 6938.76
3329.67 14872.8
33096.5 17489.5
5352.4 28721.7
1177.06 46124.9
23175.3 8987.12
11817.3 36473.3
36491.7 47371.5
11652.5 25056.3
2576.55 10587.8
2651.69 49734
21032.1 41363
4395.12 15565.1
9976.3 40431.4
48060.1 33610.7
48940 39238
4086.42 40230.9
33921.3 5791.89
45906.5 48480.6
12219.6 22633.2
23762.4 8680.65
12847.4 29326.4
1873.63 1511.1
122.23 43633
31544 32458.7
23376.1 47937.6
9382.65 25870
35444.8 31524.7
4411.38 39076.7
29172 5396.82
12888.8 48177
18988.3 4244.03
29393.2 45499.3
40068.1 8574.54
9007.89 42746.3
12711.4 24408.3
37293 39188.4
37711 42935.7
24619 46552.2
42058.2 14914.7
23330.5 10771.6
5113.25 26309.8
6209.37 22627.7
47410.3 11592.1
21652.9 5180.87
12381.2 18592.3
4433.39 41629
27859.5 41533.9
23569.3 9946.48
13226.2 612.222
10045.5 41674.8
49206.5 39892.9
3719.57 46203.8
12537.6 37556.1
46521.1 34390.4
6926.34 4443.26
40510.9 37689.6
49163.1 30999.6
39451.2 30979.8
37556.4 31.8183
30178.4 14931.6
35714 6004.45
22099.5 34055.4
20680.6 43675.4
17975.3 6110.08
36269 39177.4
32154.8 2725.72
47918.6 46599.7
10638.4 45500.7
3537.47 9512.15
28865.6 7618.19
35392 38961.9
29072.5 35129.1
7171 48998.2
40324.6 33691
47169.8 43933.8
27654.3 19002.1
11851 29527.1
13113.9 42321.5
42058.3 17174.8
47916.6 38513.4
17909.8 14223.1
2481.36 26221.2
8449.75 21845.9
19808.5 13827
5586.88 34840.3
48700.3 2605.58
41934.3 47203.5
44521.5 43254.9
5550.37 16265.7
35777.3 44291.5
14405.6 25032.6
29918.8 24807.4
7669.17 45513.2
16531.5 403.359
38216 35443.8
1669.38 8574.97
12031.9 41395.6
28644.8 48495.7
8039.23 7042.06
18833.6 42391.8
5446.4 6297.58
4455.78 5510.34
23897.1 5329.46
31588.8 5951.42
42363.2 40710.7
26639.9 32518.7
47010.9 5820.95
24042.3 37419.4
38310.2 6511.48
37942.1 45210.6
22654.2 4910.61
28717.4 381.025
15398.6 41662.5
46229.3 42134.1
47655.8 35349
36533.5 478.874
5882 45286.2
49314.3 10059.7
19022.1 11727.9
11274.1 42259.5
40960.1 49221.9
23090.4 39979.5
9229.45 19441
1660.3 46829.5
39153.2 49967.6
17272.7 23717.1
29285.5 49572.8
12917.7 48587.1
9520.9 990.196
1294.2 7645.95
9136.92 29369
48632.3 35443.1
35862.6 12669
36979.1 6627.81
22243.2 28043.4
4579.89 44030.2
7604.53 24632.9
30985.5 42574
34403.2 39195.9
35551.8 9415.56
16089.8 42172.8
7914.64 40689.2
49788.2 33507
43691.2 11712.8
1877.07 11954
28801.8 24833.2
19032 23777.9
7594.11 40845.4
3248.4 13009.1
3193.75 43529.7
28729 4291.48
22666 97.4107
9354.37 45512.5
20613.3 312.01
30034 36276
16034.9 6354.8
6872.33 47901.9
42622.3 37228.7
12033.3 20869.6
21780.4 36683.5
12071.1 28327.4
16963.9 7720.41
8140.46 8369.92
8501.51 1199.53
12260.1 13433.4
21583.3 12358.6
1903.41 18825.1
27150.4 3687.81
91.6204 34362.6
40331.5 16601.4
14756.9 2072.93
12418.9 34833
36819.4 34221.5
41963.3 35457.9
38814.6 15855.1
42382.7 42935.9
26901.8 4805.55
44127.5 32914.3
32651.3 16031.1
24478.4 46709.9
22162.1 43619.7
14080.3 47798.1
9092.09 16206.8
15446.9 17250.2
31972.7 10790.2
33427.1 45364
34144.1 15924.8
31922.1 34865.3
27580.8 10027
48425.6 16433.7
2452.16 17719.9
8572.01 19979.9
40508.7 39173.7
43714.9 37485.4
12677.5 25153.2
41513.1 22370.6
17420.9 48665.1
27946.2 2080.21
37670.4 42650.9
24304.2 40940.1
8891.88 9172.52
35771.1 45187.9
738.226 25699.3
20194 10352.2
26190.2 49349.7
3390.12 44334.2
28527.9 2587.03
555.459 22755.6
478.345 16594.2
47969.3 33864.1
20103.6 11750.5
46654.9 33865.3
38589 29140.1
8481.57 40701.6
3388.44 18529.2
38307.5 39597.5
8238.28 46136.8
34991.1 16393.8
319.901 45525.6
49650.4 40376.7
2757.89 42622.3
18543.1 45295
14194.7 49251.3
12504.6 47917.9
39440.1 46660.7
35347.6 9459.06
12567.8 4408.67
11287.4 13554.8
22773 37567.8
5992.57 24214.3
4796.1 14427.6
47037.9 10742.6
17622.1 28649
40083.5 41153
41258.5 34219.4
19014 23477.8
21912.2 11792.1
17182.1 5598.67
7710.08 16227.6
5983.92 17533
21893.3 31100.3
22140.1 8913.33
22621.5 49705.1
26970.2 9506.09
18753.4 46660.9
44298.8 13781.4
45931.9 5926.13
14276.4 40133.4
29810.1 16842.9
24762.8 40784.4
12944.5 24134.7
16523.9 10962.8
8041.05 19671.4
19447.4 25750.8
49219.1 40895.7
2457.73 27671.5
22425.1 31150.7
22417.7 22237
40187.8 44982.6
41006 9559.42
44523.1 28958.8
49033.3 8679.99
41799.6 49500.2
46508.6 43083.1
8786.36 28033.9
42333.3 39084.1
49882.8 10475.5
49709.5 39482.9
22574.8 3108.06
33767.7 40954.7
42810.8 15362.1
22884.4 12921.1
2230.91 34973.4
2811.36 3492.26
1063.54 45723.2
5552.43 46706.4
5259.27 26567.5
24552.7 47322.5
37636.8 16001.7
41757.9 42147
9626.97 45677.1
2971.88 23847.6
3504.47 43277.7
47788.4 8180.18
35485.1 39519.2
42120.2 13779.5
49660.4 30263.3
37895.7 48864.2
33466.2 44473.2
21767 20205.5
38236.1 43113.5
13376 46939.3
6880.97 40299.5
29575.9 1415.37
48.5524 25389
29386.5 5617.41
43141.8 36412.3
45193.8 46535.7
28723.3 8719.66
13427.8 13778.9
19157.2 47586.5
47653 37870.5
11696.1 18837.8
37335.4 36533.8
10391.9 10372.8
19390.3 39442.6
26358.9 4711.01
39391 42924.4
22711.9 13768.4
6397.45 5736.35
18489.4 9778.4
20694.8 29420.9
19761.4 42650.4
43776.1 6918.9
6986.96 28153
5100.18 27212.9
42835 41440.4
39147.3 44601
31846.5 48751.8
20779.6 46712.8
30100.7 943.504
5050.3 37844.2
3160.6 41493.9
16077.3 40604.8
30704.8 16247.2
44062 45534.7
35074.4 25614.5
8446.7 8992.29
10116.3 3775.28
40565.2 41194.3
49240.2 35648
5577.81 18351.8
23279.8 47287.2
32387 27529.9
30109.7 19399.5
26353.8 48920.9
11841 10781.4
23220.5 33947.9
28030.5 8853.08
30346.4 14369.9
7571.5 24079.4
157.708 19566.5
7608.17 1746.85
39619.4 36965.6
26297.3 22880.8
11832.9 21643.9
36257.2 5371.1
42860.3 22421.9
14315.7 24370.9
48785 49541.8
34218.4 45824
47432.3 25377.2
38311.3 6108.89
39189.3 48278.8
14659.8 30505.8
21345.9 42299.7
40224.2 16573.9
26643.8 34477
47696.1 29593
43979.5 21270.8
30986.9 3563.7
10582.9 7613.73
18419 23999.5
39206.3 42544.8
39392.8 44678
10565.6 46431
164.498 25659.7
18036.1 1502.53
3948.27 19357.5
41957.8 38740
40374.3 45960.7
8665.58 10523.6
14075.1 39645.3
46412.2 10892.2
15158.8 10897.8
15444.1 21345.5
32389.7 13957
26910.6 955.92
20297.9 7971.05
49963.7 30877.5
40177.1 44541.8
34180.7 2253.43
36615.5 16067.2
41920.5 38760.3
42234.3 39309.4
9284.92 17783.2
20185.3 766.882
23702 44222.3
33460.5 43556.1
49062.9 12025
47323.2 14149.9
2281.13 14826.9
34576.5 30655.5
32637.4 12725.9
1683.27 59.3837
10668.5 10630.3
39542.5 44215.1
46725.2 4301.45
48539 46692.3
15631.6 21750.2
21524.8 3205.34
21701.6 27031.3
40388 47110.3
48177.5 38913.2
32779 9489.44
22409.3 8581.63
30596.7 42578
25272.2 2902.53
37940.6 15629
36739.8 37558.8
37319.5 6689.56
1665.19 8973.41
46508.7 39037.1
3236.96 44477.4
35856.7 36372.9
22362.9 43811
12677.9 22329.8
49769.2 15695.2
22884.7 40713.7
23794.7 8161.25
19051.8 26373.1
39838.5 46080.1
49016.8 40828.1
41720.3 18469.9
49933.1 35657.1
26087.8 19172.8
39988.5 15580.8
9632.1 8924.83
46399.9 44262.1
7962.63 22531.4
9504.76 37745.3
49179.7 33217.2
6332.85 9563.71
19322.9 9006.25
2761.11 42391.1
40589.1 31683.7
34696.7 11943
45943.9 36437
4530.77 45234.6
4460.99 14580.9
42956.4 40505.1
3419.53 7609.54
47670.5 35462.4
29363.1 49254.3
21138.8 40336.5
14700.1 31164.6
44499.2 24380
28824.2 2606.09
44113.8 17586.3
13458.9 18640.1
15432.7 27618.5
13016.3 25366.6
24102.5 49062
5640.18 19914.7
44073.8 35733.3
657.69 7486.73
19959.3 42531.1
6091.25 10463.2
13569.9 13135.9
12504.2 21418.9
12056.2 14102.7
44446.1 45146.9
12916.6 37418.6
14941 5461.04
39877.6 25156.9
32910.2 32568.6
45025.6 28016.9
27417.4 13312.9
48209.6 11382.7
43439.7 13666.8
15885.9 43650.8
43850.1 16203.7
811.152 3465.03
35417.4 40558.8
3216.79 12272.4
29912.2 3357.32
47310.4 13676.6
17323.9 30872
3826.77 4333.75
29512.7 10403.9
48386.7 14468.2
27918.9 5919.82
39609.2 19436.8
2457.11 11404.6
37756.1 37091.5
24634.8 27083.5
5691.31 18287.3
14385.5 26428.4
43718.2 18104.9
2217.26 11284.7
49428.2 31175.4
17504.3 21889.3
11739.8 18322.7
11672.1 8349.18
1406.44 37543.3
39237.1 48153.8
5908.48 10972
5438.34 42588.3
21720.4 1237.2
15342.7 32865.5
18042.9 26894.6
13637.4 28441.1
45227.5 30690.5
21301.3 46116.9
24524.1 13107.6
6907.65 967.674
26730.1 48050.7
36504 37161.6
21477.3 6998.98
229.947 23267.6
32379.6 17925.5
33249.3 13246.1
4430.37 6844.61
11224.1 43547.2
22087.4 13755.4
36262.4 35434.2
12048.2 23744
7685.86 35728.2
24374.1 7963.62
26566.1 20298.3
27811.4 46837.1
32804.7 42340
21108.9 84.0922
28376.4 46002
42504.5 35460.9
5470.2 8379.26
43271 16545
45686 40007.2
1154.02 37331.8
28228.2 34836.3
3163.52 40534.3
47321.8 34222
13623.2 10218.3
26066.9 49937.1
9582.13 14804.1
10477.7 30532.3
38585.8 37837.6
21575.5 30356.2
24944.3 10128.9
7670.46 28843.6
18988.2 7223.14
46437.7 38596
24532.8 36216.9
42877.9 43210.3
8972.71 2129.56
20739.8 41915.1
17121.7 9969.32
13450.5 8972.29
13468.1 39622.1
32584.6 47505.1
14640.6 4112.26
7894.59 13753.4
2143.31 19371.8
35346.3 40517.2
49930.5 13011.7
8096.31 5058.64
1151.57 21641.8
36114.3 7023.04
43475.3 34493.4
49554 47354.5
383.825 17269
12594.6 9283.85
17309.1 30437.8
40407.9 31878.3
2906.38 15482.7
14335.2 29882.5
3496.42 16274.4
41717.1 19660.3
11513.3 25070.6
36345.1 44242.6
8591.69 6948.2
41111.1 33618.6
36344.6 47448.7
21641.1 46077.7
41777.2 33570.2
29440.8 3406.55
35850.7 12565.3
7291 39962
26497.6 46693.6
44635.6 12493.3
15823.4 39602.9
25157.1 45151.9
22431.1 11218.2
18532.8 48741.2
8492.3 9589.11
15660.8 30204.5
8312.75 44691.4
30776.5 11460.6
49537.2 39634.3
48791.3 44454.7
3927.13 15839.6
41563.5 45222.7
29592.5 10492.5
36042.9 13085
39503.6 37601.1
10254.7 8308.91
18728.9 48982.5
95.2356 44.6397
38498.1 47288.1
408.457 1965.73
45015.4 33576
35569.7 13505.7
30756 30845.1
11547.6 5195.87
4530.51 30865.7
40362.7 40856.3
43713.7 46939.8
6334.06 18749.3
27120 47664.1
37752 35855.6
19493.5 20827.6
1183.52 29150.3
6602.16 35155.9
14639.1 4901.78
44002.6 32086.8
36135 13833
5644.52 30348.6
26017.9 38487.1
14303.2 22773.4
7107.97 40561.6
18681 44519.6
28153.1 10846.5
23796.3 381.052
18546 37626
19556.2 23598.8
41643.6 48832.8
19448.9 2280.93
8426.46 5089.03
44571.2 32269.9
2290.83 19643.8
33146.3 3442.91
43552.3 21645.3
19215.2 49258.4
23831.6 24501.8
35057.1 49056
18309.1 27515.9
4459.62 33595.6
10117.7 11433.1
46559.5 168.961
49714.5 41668.1
46566.6 33819.8
19200.2 15263.6
26479.4 42470.3
15173.6 22382.7
23881.8 49827.7
851.045 13363.7
28425.2 46366.3
1065.5 45505
1027.69 22341.2
30816 4192.55
30023.6 8261.3
42819.7 16752.4
44461.5 27148.9
35073.7 8835.17
7136.17 46622.6
2014.83 48060.2
21771.6 6914.04
32128.7 12643.3
40403.1 24947.9
45854.6 11090.4
36277.5 37452.6
40010.2 35703.3
47071.7 35315.5
2820.79 17966.2
31002.7 41558
18588.3 23379.2
3014.23 35891.2
39501.8 43512.7
15037.4 36329.9
21274.7 46283.8
12219.6 39100.2
49164.9 38678.5
25929.5 44204.9
23764.1 7928.31
45910.2 34423.7
3995.99 14238.7
49947.9 20167.1
39046.7 16276.7
21920.1 3273.2
7020.58 24818.6
40600.1 48047.6
11962.8 10522.6
397.642 23552
25293.3 18483.4
3407.65 37833.8
46869.6 11065.1
6931.17 44830.3
45832 15894.6
192.884 43439.9
18074.7 30580.7
14090.8 21618.8
3169.92 4030.79
5085.47 26553
20841.1 2148.33
2786.94 27488.7
15344.2 49257.1
20676.2 12608.7
18440.5 31111
46737.8 43175.9
37735.1 8353.59
