23908.7 11497.8
7168.16 15584.6
39306.3 13994.1
46591 49355
11226.5 12282.9
14404.9 28204.9
18223.4 28592.2
26622.4 49415.2
1377.72 9778
14767.2 49051.2
18070.4 44128.7
19502.8 47353.3
36202.6 43846.1
42975.7 47518.3
44621.2 48596.2
16986.8 7940.15
18955.7 47510.4
30201.3 2261.85
47340.8 12003.4
42568.5 46873.5
8463.6 10231.8
15301.4 48946.8
13384.6 5916.5
29063.7 9113.23
28524 8947.89
27011.7 5929.18
19410.6 944.597
29018.1 12452
20739 46703.7
1573.58 3508.49
44933.3 39764.2
16753.5 5185.83
3553.5 11395.3
26769.1 2531.25
48107.1 37468.2
16885.3 26787.1
8424.73 6428.54
18650.8 29401.2
7972.9 13821.6
29019.8 12612.2
33375.9 6480.01
23804 11160.8
19794.7 45424.4
19418.9 44629.5
19513.9 7657.84
15359.9 31218.4
17628.2 28589.8
25306.7 46248.8
47235.1 35813.3
8258.18 22127.1
1720.98 6405.54
37087.9 11382.6
20426.4 24177.2
14143.2 6061.54
46883.1 45840
16164 42359.8
16787.7 12942.1
46887.3 45761.8
12671.7 13259.3
12096.1 11510
18538.9 47268.3
41849 12450.1
40554.8 48751.6
47463.7 46424.7
48069.5 39035.4
39952.6 47838
23910.8 8687.82
49185.2 48951.7
19413.7 3627.22
5438.94 10889.8
15166.1 44305.8
17119.5 29298.4
29500.1 3703.96
27665.1 8781.6
2671.19 8683.56
21458 18763
45092.8 48432.4
15682.8 49530.5
17473.3 1437.45
42837 48148.9
13888.5 47209.4
12660.1 28371.1
1765.16 6961.3
15972.1 46180.3
21972.3 5979.85
18434.2 156.742
19343 45359.9
19772.7 6276.03
47279.2 37498.9
27039.8 4958.99
12170.1 49748.8
31465.7 43340.9
24151.2 9174.7
21126 24282.7
22992.8 9990.37
48067.1 41396.1
8684.34 13847.9
26005.4 46561.1
6625.98 3527.22
16773.4 26199
15993.7 45775.7
37932.4 11318.7
12104.1 27511.1
16231.7 47412.1
45151.6 46309
28213.8 2798.5
37489.2 10780.4
19003.6 1736.98
10710.9 10592.1
27621.1 3452.84
18406.2 29664.5
46156.1 35847.2
45646.1 48074.4
49689.6 36769.9
18385.2 2607.36
860.602 7927.81
33862.8 3329.81
6603.84 11745.9
8730.32 11416.3
20727.9 9130.35
17530.5 8202.68
22128.7 7052.26
26647.9 2301.82
43535.7 46881.8
15776.3 46859
20287.9 45734.8
45933.9 48640.7
45940.4 42356.5
1875.65 11454.1
17836.4 27054.2
20327.5 6245.86
25398.6 5017.83
17597.7 47722.7
14343.5 13304.1
11449.6 44058.4
12610.1 28150.3
899.805 6463.21
40408 8628.37
9408.72 13564.7
19784.2 25076.2
24187.9 30161.8
19971.8 8767.28
15571.3 4706.54
12710 25998.1
46061.5 44351.8
20875.3 8987.12
7076.55 10587.8
5102.02 12239.4
46004.3 48459.8
24288.5 7602.1
633.266 5836.78
21636.8 12146
22296.3 49968.4
17848.8 46824.3
31520.4 9268.06
29172 5396.82
13891.1 49297.5
17015.6 8288.6
25995.3 45618
36962 9957.45
15356.4 28048.9
20130 46238.3
23330.5 10771.6
10665.4 41293.2
23043.5 9460.63
9436.73 16892.3
46609 47118.3
22862.4 6620.78
2815.5 9553.57
49206.5 39892.9
23490.2 7082.51
27679.5 2255.34
48821.3 43503.7
7766.09 7973.06
28865.6 2018.19
16700.8 26727.1
44549.7 38986.6
47479.8 47982.9
14405.6 26232.6
18916.2 4219.58
26413.1 47939.3
5807.55 7598.48
4455.78 5510.34
23897.1 5329.46
26472.3 2127.26
24751.6 47062.5
45293.8 40032.9
30795.8 636.365
15749.5 41789.1
7989.08 15115.3
19110.4 48861.3
13783.5 49691.8
2968.37 7350.75
41408.1 11889.6
15254.6 398.404
12637.8 27087.8
37090.8 7706.33
42492 11670.9
4171.47 12114.5
21818 3339.29
2085.53 9814.11
28533.5 9888.07
19172.7 1343.8
43736.4 46609.2
6928.52 808.68
19263.9 7720.41
5841.87 8289.65
9615.06 17074
28314.7 3978.11
6991.62 49962.6
19094.5 24331
16269.6 14278.6
29506.4 2620.08
9145.08 16122
27017.4 11086.5
12121.1 27384.9
17458.4 48757.8
29436.6 5136.11
10489.6 7518.04
25599.8 46001.4
47995.9 38779
17354.7 45128
14194.7 49251.3
14565.8 49543.1
16208.3 7053.7
15891.1 37845.8
21111.8 26668.7
19495.1 5272.75
20809.1 48289.1
22101.8 47251.4
23825.7 1227.32
14516.8 42420.8
40328.9 44286.4
10978.4 10183.4
20234.1 23589.5
46400.4 42797
20509.7 25888.4
37032.7 11672
46508.6 43083.1
25043.4 12334.7
44400.6 38075.9
46442.6 41219.9
29843.2 18698
27917.7 10466.2
1332.95 5254.16
21253.7 48145
41236.4 11711.8
40611.5 9186.2
38851.9 12842.4
13976 47978.5
29575.9 1415.37
45140.3 39163
47224.6 47615.5
27535 8552.66
12286.5 14149.7
20615.3 49769.2
11255.1 11206.4
3882.67 7073.36
5200.38 5820.06
3705.44 10494.8
18938.8 45949.4
20946.6 47901.1
28821.7 374.072
5098.36 8401.88
12720.9 5960.76
23767.9 46190.9
48610.4 44996.4
28071.2 8761.73
11758.3 6182.63
26297.3 22880.8
45974.7 46420.6
37943.8 14904.9
28341.9 7204.28
8681.61 4795
19514.5 3264.43
40473.7 45950.3
8029.68 11541.2
47753 5788.22
30008.4 3939.16
2769.21 13730.7
12886.6 8755.67
8369.86 10550
44082.8 46066
21507.4 3106.85
39585 46218.6
48262.3 38860.2
29584 10652.3
25677.6 7644.47
46989.9 43375.2
20946.5 1662.17
38035.7 15659.9
37319.5 10089.6
4191.89 11248.5
46474.5 39131.1
21563 8717.67
19051.8 26373.1
44855.2 44575.2
20483.2 26199.5
48930.7 11695.4
6332.85 9563.71
45851.1 36399.5
3229.72 17963.8
3182.36 11001.3
25413.8 31538
49534.6 47557.2
36669.8 35348.1
8754.03 26477.1
26396.3 48506.4
7470.5 15803.7
46046.5 39777.8
6172.61 6514.3
7086.1 11134.2
11502.6 14144.2
11465.8 10754.4
17711.4 1914.99
23082.6 10034.6
41228.8 13032.8
14773.3 43201.3
910.908 3458.06
249.239 7523.29
10941.5 21236.7
32992.6 3718.69
28927.1 3852.59
3536.89 13435.4
16747.9 48904.6
2167.26 11198.1
33728.9 14918.4
7172.06 8349.18
5925.85 10873.5
21637.4 1181.28
18453.3 25766.9
13797.9 26146.7
19006.9 45956.4
5358.2 1131.39
26811 47991.9
21473.9 6899.04
25507.4 48745.9
10048.2 13252.1
5339.78 2772.89
26246 22575.9
1496.94 6266.64
45785.1 40021.1
12210.5 48850.6
2102.51 5773.92
8573.88 12736.8
21120.8 6361.55
9091.37 5527.49
15413.9 43645.6
11796 10570
1329.59 9042.58
8530.49 12735.7
4696.31 5058.64
36513.7 9288.1
47460.8 44675.2
10007.7 8760.63
44391.8 16773.2
29440.8 3406.55
26165.4 47219.2
23136.4 10247.4
19612.6 46710.4
8492.3 9589.11
28511.5 11061.2
49411.7 38440.9
43465.3 46185.2
43325.4 46701.1
37458.9 11272.6
8981.09 5156.48
18701.4 48886.4
603.56 3663.36
47470.2 38609.2
13443.4 16318.1
43968.4 47808.8
45972.5 49097.2
16548.5 45381.2
27968.6 2066.78
21894.6 4642.77
8510.17 6286.11
20378 46063.5
15069.7 13641
10753.6 12450.8
48950.4 42719.8
35486.3 12475.5
23881.8 49827.7
1320.37 19556.5
27021.5 6665.1
23988.6 2435.17
27956.4 10957.5
47963.5 36118.5
19391.3 24271
49164.9 38678.5
7785.34 7835.68
28626.9 1682.34
23620.1 6217.69
42285.9 13124.1
13311.4 27164.3
10799.3 41235.4
16948.5 49418.5
49035.9 41247.6
