20796.2 1933.92
25923.2 9411.69
24903.8 14435.5
7999.8 19497.2
17436.9 7105.46
43210.4 34653.1
32342.4 9296.92
1755.48 42681.1
42465 46357.3
9700.04 11329.1
16282.8 31736.7
16312.9 33320.9
26198.4 49150.3
40566.4 15422.9
35479.4 722.012
31250.4 19024.1
49727.9 11314.3
3107.99 9281.85
18045.4 45144.4
25769.3 25674.5
47201.7 30768.1
8511.68 23601.1
2670.55 41964
38646 15377.6
42736 17012.1
49271.6 30599
40343.7 44043.3
20474.6 45750.4
46034.4 8146.23
44938.7 45937.4
18046.5 48411.4
14205.5 31146.1
20978.7 34818.3
26350 30951.9
41831.8 2659.2
47626.2 32331.7
154.455 42394.3
18289.9 47294.1
48466 13149.5
35318.4 2668.33
13123.3 14048.9
31151.3 3907.3
46756.3 34844.3
3934.6 45267.3
40133.4 14557.9
44972.7 45251.8
4520.04 2815.03
11011.5 45564.9
8725.5 7990.85
44413 22217.7
24646.9 11663.2
31020.7 15807.6
22427.9 8164.87
3518.04 47009
42155.5 14672.1
14120.6 23274.3
1049.31 43641.8
7816.26 37530
21805 5447.63
16080.3 35794.3
5680.66 30771.8
23832.3 39576.4
40446.2 23586.8
14051.1 23358.2
46559.1 12451.6
22912.3 11375.4
18132.5 45432.5
25341.6 34362.8
39888.6 49981
419.121 46077.6
4635.38 404.405
159.685 48717.5
19156.1 33215.1
49379.4 19177.6
38164.9 42498.8
38988.3 30911.6
6609.72 9176.32
32576.1 2695.99
5809.32 18338
21698.1 7782.44
45817.3 38899
24593.1 36387.4
12382.3 29181.4
4431.7 8400.6
13721.6 14463
22776.8 21144.3
49174.7 35432.6
44138.4 23145.5
13590.2 46446.1
33577.5 2893.54
36590.5 1085.15
16079.7 26337.1
6896.28 7715.78
26899.3 6786.15
48971.2 24644.7
26039.7 6576.99
19151 47752.4
38955.5 863.702
22016.2 43560.3
33455.7 42069.9
38868 46746.1
23696.3 37237.4
26361.7 46885.3
49530.5 15158
13941.4 4939.94
36160.9 31714.7
961.454 48377.8
17325.1 31473.9
29401.2 45017.1
39731.3 13848
43165.3 4552.69
41051.2 43221.6
49952.2 40104
10143 18693.7
1284.68 40710.2
36883.7 48851.2
44556.9 35047.7
40998.7 15048.4
43244.8 36092.4
25889.5 27954.7
42696.3 19354.4
8920.79 26887.3
2113.36 46772.6
6206.29 34431.1
45167.2 12660.4
7132.94 23758.2
8955.87 21608.5
3489.63 5268.94
32918.2 44322.6
11661.7 17001.4
48408.8 17855.9
47962 43756.3
37782.5 15321.8
12665.9 35180.1
20426.4 24177.2
22494.5 8629.24
19373.9 503.618
3316.01 23590.3
49818.7 47293.4
29052.8 46281.1
22179.9 40859.9
41992.6 8466.53
40188.7 10467.4
28343.8 9007.19
4186.32 21441.9
49398.8 44311.8
48572.6 13213.7
625.955 26464
29888.2 17896.6
30544.1 18215.2
23806.4 36088.7
18292.3 11726.4
15253.4 42010.4
19674.9 17201.5
1869.64 46490.6
33436.1 37632.8
28158 9486.01
8590.96 6205.45
33361 19493.1
23603.7 49061.9
34825.3 21751.2
47849.3 28596.9
7880.5 19340.8
17270 48282.2
45531.3 4900.24
20005.8 33821.8
20280.7 36550.7
40077.9 17004.5
44071.5 44305
41718.4 37940.4
42636.6 41148.8
49595.2 44455
38949.9 47301.5
40292.8 43334.8
27431.8 38486.1
8422.9 2780.1
5531.95 38591.5
18974.2 45317
2804.71 14572.5
21261.5 7508.29
35761.6 30645.8
25166.9 711.617
33604.3 31552.6
5678.36 11547.6
21785.4 49477.3
9316.98 5932.53
17307.6 31088.6
3278.74 10327.5
26530.9 10372.8
30765.1 14151
8777 9760.18
36504 31176.2
32408.2 1617.08
11159.6 48453.6
49729.2 25536.1
25446.4 40529
47092.8 44968.3
7645.83 29386.5
12348.5 46077.7
47912.4 12526.9
42462.5 23563.8
37285.4 22752.5
17484 18722.3
9639.37 26466.9
48033.7 11013.8
19219.8 1001.99
31532.6 36636.3
46836.4 15023.4
2364.08 13739.8
39985 49106.1
16534.9 10201.6
13846.7 46811.6
8725.17 36633.8
12256.5 25499.3
7079.12 44797.7
26610.1 1680.34
40783.7 41222.8
38360 30448
38129.9 10316.2
28345.2 2688.83
5730.79 47675.3
11196.5 20746.1
20475.2 28126.2
12999.6 43503.8
29961.1 3384.1
28946.2 12457.5
10417.5 16603
40526.7 22051.9
41009.3 36381.1
16935.7 3865.48
11352.4 45310.6
2876.31 29060.2
11305.3 39080.2
22475.3 1950.98
44491.6 36699.6
33601 1758.88
8090.3 31853.5
8766.68 18701.9
14564.4 45245.7
44809.3 38484.2
49535.8 10061.1
32866.7 48572.1
2201.03 40767.4
34544.7 43405.7
26197 19031.5
21703.8 3925.86
13653.1 10249.6
10996.3 39404.1
34894.6 19228.4
27614.5 36805
5484.62 26230.5
46713.9 36320.8
42813.7 20205.8
48776.9 36345.8
11498.2 14549.5
11680.3 19708.9
49859 36601.2
7478.29 25944.5
14416.3 9476.6
27276.7 49167.6
8125.89 9543.05
9575.18 23655.6
49516.4 39632
8087.11 12563.8
12775.9 26338.6
5615.78 45309.9
13810.3 103.202
38534.5 16546.9
20027.8 30813.6
35942 6988.22
47296.7 37631.2
31355.1 3429.33
38282.8 19185.4
7621.6 9462.29
40589.1 26886.2
30209.9 14958.6
17588.4 48318.7
38136.8 11378.1
2858 44452.8
36947.5 47886.2
37222.7 6268.34
13813.1 33470.9
9257.79 33353.1
29923.2 30652.5
14745.3 49861.7
26247.6 16224.2
91.5218 48884.5
5062.07 41189
39135.8 47808.9
28391.8 7895.39
31383.4 9703.74
4033.97 10143
34451.8 43207.9
25194.7 43201.1
44972.1 33493.7
35819.5 24240.2
10099.3 19201.5
13120.2 46303
6936.29 47009.8
20172.8 8708.66
23702 26.8769
265.766 37313.4
16448.3 30172.1
4074.77 22467.6
33989.3 4186.4
38999.8 18219.2
33432.5 4265.56
8061.62 9412.58
28622.8 75.4734
29189.3 43425.7
41956.7 39179.5
22441.3 27431.8
4482.74 46503
614.435 35624.8
30543 25875.8
39971.2 36279.7
45003.3 47308.4
44940.1 32784.7
45487.4 23007.7
19078.4 2509.94
41397 33412.6
31905.3 36981.6
605.835 15223.4
24091.9 46562.3
45228.4 14305.4
61.7712 10687
11076.5 13120.8
28204.8 46443.3
43814.2 49386.6
27191.3 13195
14642.9 9428.97
18653.5 13789.4
21073.2 11871.3
26541.6 38146.5
6431.85 47407.5
8679.16 5546.17
2134.49 12785.5
23495.9 4764.47
33287.2 43886.6
37850.3 36239
37110.4 49904.4
47766.2 35453
10145.3 10964
11676.3 49959
44808.2 25711.4
40483.5 21324.2
20504.3 39538.6
34787.8 41619.8
37057.2 11267.2
1596.58 17735.8
46927.8 17227.9
14127.3 49951.4
24499.9 6488.59
47018.8 30098.4
31397.3 30790.3
18303.8 29325
24876.3 34437.2
39800.5 35758.7
43575.1 505.389
36101.9 11568.7
1858.16 9826.84
11582.8 42570.1
24213.3 47714
10308.2 15903.2
12680.5 3202.47
48612.5 43224.3
21820.2 9611.66
42059.2 41388.9
3791.56 17350.6
18896.7 22065.7
32261.5 3967.55
14928 12680.6
1444.67 43094.7
9483.8 11169.4
35814.7 44418.5
49266.8 13705.1
17971.9 49483.4
7815.01 21647.7
35749.4 49643
38211.7 21991.4
4033.89 12678.7
30874.9 41666
1934.62 20508
10983.2 24496.1
2364.4 181.893
38975.4 39807.1
46730 4978.37
32387.9 21181.6
5180.63 16416.6
22355.3 28140.4
33311.3 15895.5
47530.2 10056.3
14591.3 25821.5
90.0391 39571.9
5297.17 22755.4
32082.3 3162.36
10696.3 21073.6
25529.4 38337.8
27139.9 12943.9
12697.6 27605.4
6340.88 17472.6
48344.8 38010.8
20620.9 9029.5
14732 9839.41
48712.7 8317.46
18849.6 8613.37
1213.6 37280.9
26286.7 34630.4
15689.4 32691.4
44804.7 31690.7
20498.3 29144.8
38817 17114
44363.9 46918.6
27822.4 38156.1
17739.2 4466.51
3524.99 12079.7
30323.8 17879.2
2689.44 27856.5
2042.31 43461.9
25975.3 8987.12
9345.08 35158.7
33752.9 47953.7
13298.3 22791.1
76.547 10387.8
494.239 48640.6
20450 44101.8
3812.97 18303.9
11290.8 42903.6
49724.3 32688.7
48744.7 42031.1
2072.26 38285.9
34019 2993.59
43167.6 49062.7
12219.6 25433.2
22535 11197.3
11798.5 26730.3
3440.6 399.972
122.23 43633
32771.4 34975.3
24690.7 45465.4
8333.75 23273.9
35931 34282.2
5811.38 36651.9
28703.6 5917.02
11164.9 45970.6
20215.7 1727.4
32191.5 45401.6
42626 7435.68
7958.99 40150.2
11065.6 22143
35978.5 41660.6
36602.8 41517.3
27412.2 46747.5
39793 16560.5
25042.4 10215.3
6513.25 23884.9
4264.33 20613.5
47410.3 8792.06
20787.7 2517.92
14806.1 19992.3
5660.83 39112.4
25342.8 40306.5
24151.5 12685.3
15171.2 2626.37
10910.7 39011.8
49206.5 39892.9
921.28 46106
10331.2 35832.3
43748.4 34780.1
4128.04 4540.97
40024.7 40447.1
47848.6 33471.8
42244.4 31175.2
40247.9 803.603
30178.4 14931.6
36006.7 8789.11
21904.2 36848.6
18599.8 45549
15217.8 5623.87
36561.6 41962.1
34939.5 3018.4
45904.4 48544.8
11865.9 48017.4
906.335 10469.8
28865.6 10418.2
33447 40976.1
28586.3 32371.6
6927.22 48796.7
41552 31174.4
49954.5 44226.5
25058.1 20051
9426.14 30927.1
12342.1 45013
40743.8 19647.1
49501.1 38290.7
15313.7 15272
9.10324 24906.7
5758.22 21074.1
17433.9 12343.2
5197.2 32067.6
45902 2703.3
39161.5 46813.8
47152.6 44212.6
7871.68 14700
34159.5 43502.4
14405.6 22232.6
27446.6 26121.9
10094 46913.2
17517.2 1792.05
39530.5 37916
3990.69 7009.23
10301.6 41891.8
31361.6 49173.1
10756.1 6364.68
16888.6 44405.9
3021.53 7697.58
5130.07 3841.41
25541.4 6061.58
33388.6 8096.34
43763.2 38285.8
24994.1 30253.5
49483.1 4506.43
21269.5 37809.1
40631.5 8077.22
39956.2 43265.6
19915.3 5492.77
30798.2 2254.59
12973.7 40262.5
47368.2 44692
47948.5 38133.7
38570.6 795.459
3285.89 44237.3
48265.4 12655.8
21343.5 10162.1
8489.45 42552.2
38202.6 48735.7
21216.8 37898.7
10001.2 22132.6
611.4 49425.6
36353.2 49967.6
15707 26038.4
26492.3 49377.5
11352 46265.8
11665.8 2790
4051.66 7159.74
10185.8 31965.1
49197 35868.6
33089.9 13058.7
39670.7 7399.59
22243.2 28043.4
4677.61 46828.5
5087.91 23405.4
28840.6 40774.2
36961.1 40334.8
33678.3 11496.4
14951 44730.7
8592.02 43406.1
47230.3 34645.9
46489.5 11810.5
144.234 10930.6
29667 27496.1
18260.3 26469.5
9739.04 39045.6
4206.05 15640.2
5986.93 43334.4
28826.7 1493.18
25464.3 195.129
6796.44 44373.7
47444.5 21399.6
22819.7 2035.86
28634 33851.1
18179.8 8154.61
5716.73 49755.2
45422.3 37228.7
12710.7 23586.4
18995.8 36390.9
14085.2 26382.4
14163.9 7720.41
10938.8 8467.64
10329.7 644.82
13905.9 11168.2
20625.7 9727.48
3627.26 16618.7
24433.5 3010.42
91.6204 31562.6
42962.7 15643.7
17495.7 2655.09
10274 36632.8
36047.6 31529.9
44480 34230.5
41607.7 16050.5
41243.9 40378
24756.9 6605.36
45355 35430.9
29934.4 16708.5
23613.1 44046.9
19645.5 44847.1
16743.3 46932.9
7608.31 18581.4
17768.2 15684.4
30658.2 13262.5
33427.1 45364
33851.4 13140.1
30465.9 35923.4
28895.3 7554.75
48132.9 19218.4
4017.9 15398.6
6626.96 17965.7
43266.1 39659.9
44580.2 40148.3
42582.3 18058.3
13354.9 22436.4
44230 23048
16372 46069
27069.4 282.622
38809.3 45208.8
26318.3 38995
6946.84 11186.7
35478.4 47972.6
835.945 22901
17409.4 10644.9
25703.8 48318.5
5814.99 45734.2
25896.7 3544.69
1389.05 21892.4
3141.3 15729
49885.2 34769.3
18230.1 9669.68
48976.2 35431
36382.5 27416.2
5683.28 40603.9
5533.37 16729.4
38209.8 36799.2
7280.62 48767.9
32395 17442.7
694.507 44598.4
48340.4 42309.1
161.771 43671.2
21315.8 45684.6
14194.7 49251.3
10938.9 45596.6
40579 49218.6
35718.5 10052.7
10302.5 2762.87
8729.47 14693.7
24787.2 35622.8
4592.57 21789.5
3396.1 12002.8
47037.9 10742.6
20046.9 27249
38856.1 43669.6
44031.3 34609
16589.1 22077.8
19705.8 10068.3
16599.9 2859.86
7320.4 13454.8
4756.48 15016.4
22379.5 33857.8
23785.9 11178.6
21203.1 48596.9
29291.6 7940.35
15996 46174.7
45782.6 16156
48670.7 6508.28
13983.7 37348.7
30102.8 19627.6
23448.2 38312.1
15607.5 23269.5
19296.6 11352.5
8715.34 21340.4
18489.8 28382
48555.9 41343.1
3229.51 24979.9
23382.7 33781.9
20771.9 19971.7
40579.2 45563
43478.3 8244.9
42723.3 26813.9
48740.6 11464.7
41701.9 46701.9
44726.1 42832.6
6772.21 29979
39816.7 40311.6
49111 13167.1
47237.3 40797.4
20200.3 1624.28
34253.9 43712.1
43103.5 12577.5
20367.8 14148.5
1938.23 32188.7
4611.16 1347.33
951.62 43805.5
3080.17 45391.9
2701.34 25428.7
27269.6 46645.1
35837 18146.6
39066.4 41375.2
8143.2 43302.6
4916.92 25861.7
3797.15 40493.1
46830.8 10811.3
34619.9 42182.1
44811.8 14551.3
49562.7 33061.6
35337.8 47725.3
30870.1 45522.1
24483.8 19528.1
40035.9 45258.5
11976 44514.4
9202.27 41865.3
30890.4 3887.63
913.8 22726
26669.7 6294.79
41496 34147.1
42721.6 45221.2
31496.1 9109.35
16090.7 12913.6
18385.4 44895
47653 37870.5
10738.5 21468.9
36020.9 39006.1
8377.73 8427.8
48483.7 10562
20956 37121.3
29143.5 4418.33
42191 42924.4
25510.2 13866.1
9190.63 5541.03
21287.7 9680.68
19294.8 31845.7
20438.8 39933.6
46097.4 8484.64
6791.65 30946.2
7045.22 25198.8
45526.5 40668.6
41864.2 45278.4
29089.1 48265.6
20389.9 43940
32658.6 2082.37
5822.08 35152.7
786.068 40010.2
18740.3 39739.5
29304.8 18672.1
41917.1 43734.9
37765.9 26386.3
11204.2 9478.5
7971.42 1975.48
37826.4 40612.2
47226 37593.1
6626.71 15755.7
22140.9 49845.1
33952.7 29851.2
28028.9 21273
23596.3 49407.1
10613.5 8264.76
23025.2 31154.8
26891.7 11411
28265.6 16243.5
9777.93 22355.5
866.047 17062.9
10325 2424.23
39912 34181
26297.3 22880.8
9116.08 20966.5
36839.4 2632.29
44426.1 24743.2
17007.3 25142.7
46911.5 47461
32137.6 43950.4
44801.2 26334.8
40827.9 7336.33
41705.9 49506.3
12860.9 30443
24037.4 41528
41538.7 14101.6
25243.8 36901.9
46830.8 32256
45028.4 23866.9
32632.7 1298.46
12148.6 9935.03
18419 23999.5
39692.5 45302.2
38343.9 47274.1
11430.8 49093.9
457.177 22875
17264.7 583.273
1803.34 21157.3
40819 36182.1
37589.6 46253.4
10149.4 8149.05
16738.1 38780.1
45012.2 8467.37
12495.9 10032.6
18040.2 20296.6
29917.4 15271.5
29695.3 1248.6
23082.5 7678.37
47712 32177.5
37855.8 46107.5
36776.8 1204.54
34057.5 17206.1
40763.5 37381.5
41652.1 36570.6
11491.4 16059.4
22330.2 2566.69
20963.2 44804.4
31894.8 41234.7
49549.1 14782.5
44550.4 14539.5
1142.26 17384.9
35062.7 27898
30165.1 11411.4
4481.56 157.102
13466.8 10728
39444.8 41416.8
45586.4 1743.52
49744.5 48174.5
18148.2 22977.7
22011 5962.8
23501.4 24886.3
42261.5 49191.1
45802.9 40397
35410.1 8531.79
19717.8 9353.42
29282.2 40105.7
27963.7 3674.32
35277.6 14763.8
39512.5 37169.1
37319.5 3889.56
364.84 7129.75
47466.4 36406
438.663 44575.1
36246.4 39145.6
21224.1 41253.1
9939.12 22912
49018.1 18088.1
22207.3 43430.5
26511.5 7483.87
18206.8 27962.4
42555.3 45402.8
49016.8 40828.1
44351.4 17512.2
49933.1 38357.1
27571.6 16798.3
41933.6 13566.6
11356 11131.3
47627.3 46778.7
9011.53 19935.3
7183.46 36179.6
49082 36015.5
6948.49 7872.27
22116 8810.93
69.5779 43162.9
39384.6 33021.4
36641.8 9928.83
48540 37485.9
6176.57 42969.3
5418.65 11949.7
44183.9 37988.4
3614.85 4816.36
49866.1 36255.8
26564.8 49156.5
23219.6 38462.9
11961.3 30582.4
41941.3 25518.8
31515.7 1834.31
41739.2 19070.1
15473.1 20585.2
12801.6 26660.8
15755.1 24784.5
21957.6 47262.2
4501.32 22472.6
42846.4 33216.6
1688.88 7000.28
22165.8 44255
3769.95 8897.45
16086.5 11908.5
13818.7 18946.7
12542.4 16860.2
46391.1 47161
11432.8 39793.2
13217.1 7667.47
41958.5 27030.5
32812.5 29770.3
45025.6 25216.9
27124.7 10528.2
45888.3 12948.4
46131.3 14438.5
18482.1 44699.7
45333.9 13829.1
1701.98 3302.5
38174.9 40072.6
4700.56 14646.9
32508.3 2308.42
46806.8 13190.3
20015.5 30100.3
6033.2 2609.9
27567.6 12418
47337.8 17064.3
26691.4 8436.44
37885.4 21643.2
1142.59 8932.33
37658.4 39889.8
25862.2 29600.1
6273.46 15548.5
14092.8 23643.8
43718.2 18104.9
3617.26 13709.6
48617.2 33070.8
17504.3 21889.3
9725.69 16377.7
14472.1 8349.18
6.44431 39968.1
38098.3 45595.8
5422.27 13729.5
3792.54 44853.5
24041.7 2802.94
16020.1 35582.3
17085.2 29525.7
13442.1 31234.3
48027.5 30690.5
24094.5 46312.2
26898.6 14591.3
8921.8 2912.72
24464.8 49696.5
34938.3 39482.9
21575.1 9797.27
1713.72 20893.1
32477.3 20723.8
30456.1 13050.7
1799.23 5886.96
8592.94 42589.5
23811.3 11548.9
33464.1 35336.5
10820.8 21227.4
7393.18 38512.9
26932.1 9102.48
26955.8 17525.6
25490.1 45271.3
30539.5 40694.2
23447.1 1434.09
25780.3 44953.1
45221.4 34783.6
7942.45 9693.78
42784.8 19302.4
42913.3 39617.5
1446.7 34547.1
26504.4 32629.9
4028.77 43197.3
49082.5 34596.2
15568.3 12232.5
24075.2 48265.9
10809.6 17320.7
8156.35 28966.6
40309.6 40044
19561.4 32301.3
22863.5 8255.3
9236.2 31164.9
16392.1 8272.04
47486.6 41192.2
21748.2 36509.6
43364.1 40452.9
9499.05 9.89773
23402.7 41049.9
14747.1 8485.55
15464.7 7027.25
10695.4 40011.8
32201 49893.1
16585.6 6126.41
6410.81 16127.9
3709.05 17050.5
33946.3 42942
49832.8 15810
10896.3 5058.64
993.968 21764.9
35628.1 4265.58
41394.5 36366.9
48409 49137.4
1432.72 14672.9
12301.9 6499.19
19389.9 28564.3
37650.4 32364.5
2117.32 13864.9
13196.3 27324.5
5369.99 14193.6
44501.7 19367.6
9639.73 22989.8
39102.6 44728.9
6867.84 4741.77
39545.4 35939.9
35030.1 49920.9
19124.5 44850.3
43501.1 31363.8
29440.8 3406.55
35476.4 10804.7
4599.47 39190.2
24352.7 44893.8
44635.6 15293.3
15725.7 36804.6
23929.7 42635.3
20785.3 13483.5
16727.7 49367
10274.8 9839.62
17805.7 28404.7
5573.94 45273.5
33534 11946.8
49829.9 42419
48853.1 44644.9
6248.44 17405.4
39418.5 43422.9
26807.9 10199.8
43179 21320.8
34319 15291.4
38921.5 34862.3
11303.6 10905
18426.4 48653.1
2795.24 44.6397
40221.9 49494.6
1571.51 194.488
43787.9 31059.4
32812.2 13019.5
32900.9 32644.9
8808.83 5778.02
7161.65 29908
40362.7 40856.3
43227.4 44182.4
5656.68 21466.1
24335.3 47371.4
38141.7 38628.3
17847.7 18562.3
805.794 27266.8
7916.68 32683.6
15221.3 2162.97
46719.4 31409.4
38851.8 14510.4
3269.99 31832.3
23545.6 37172.6
16775.4 21458.9
9824.8 41239
21277.1 43470.7
28639.3 13603.9
24352.6 605.816
15949.9 36577.1
22328.9 23988.5
41643.6 48832.8
17434.7 335.887
8231.14 2295.85
47129.1 31131
107.8 19982
34712 5764.22
44417.6 18982.4
17096.4 49232.2
26427.7 23452.9
33146.9 49018.6
20389.9 25642.4
3145.1 36067.9
8633.96 9058.62
48743.9 1401.14
48068.7 43933.4
45917.6 34082
21521.5 13697.9
26479.4 42470.3
12657 23610.2
23881.8 49827.7
3172.35 11797.9
30071 48631.5
1837.28 42813.4
1320.37 19556.5
29250.3 1871.24
32495.8 9575.82
40102.9 17429.8
47254.7 27344.2
37498.6 10235.2
9827.7 45850.8
1979.86 49589.6
23086.2 4441.78
34724.8 13692.2
38458.1 26962
48647.8 10895.1
34711.8 39773.9
40010.2 38503.3
44990.9 33442
1020.99 20111.1
29953.8 44154.1
16714.8 21298.4
1530.45 33516.6
39891.5 46285.5
13988.5 33733.8
18953.4 47849.6
14977 38614
49164.9 38678.5
26794.7 46867.9
25909 9728.12
47783.7 32342.9
2350.19 11973.5
47544.1 20882.5
39912 18939.7
20520.1 848.328
4281.76 24236.5
40191.5 49900.5
12640.2 7805.81
3028.78 22594.4
26859 20804.7
4365.31 35202.6
44724.7 12864.9
7126.49 47623.4
48038.4 17618.5
2046.15 42284.3
15274.7 30580.7
14480.5 18846
3656.13 1273.33
7716.61 25595.4
23399 3287.2
3464.33 24771.9
14205.3 46699.2
23474.5 12706.4
21240.5 31111
44592.8 44975.7
40056.4 6787.85
