23908.7 11497.8
7168.16 15584.6
652.327 9802.96
39306.3 13994.1
46591 49355
11226.5 12282.9
14404.9 28204.9
18223.4 28592.2
26622.4 49415.2
1377.72 9778
14767.2 49051.2
42643.5 15517.2
18070.4 44128.7
19502.8 47353.3
34903.6 43096.1
41676.7 46768.3
43542.2 47554.2
18454.1 7628.29
18955.7 47510.4
30201.3 2261.85
48826.2 12212.1
42568.5 46873.5
8463.6 10231.8
15301.4 48946.8
13384.6 5916.5
29063.7 9113.23
28524 8947.89
27011.7 5929.18
40461.8 8292.38
19410.6 944.597
29018.1 12452
20739 46703.7
1573.58 3508.49
44933.3 39764.2
15362.7 5747.74
3553.5 11395.3
26769.1 2531.25
48107.1 37468.2
16885.3 26787.1
9910.14 6219.78
35880.8 6135.51
18650.8 29401.2
7972.9 13821.6
29019.8 12612.2
34417.9 7559.02
23804 11160.8
19794.7 45424.4
21930.3 30154.2
19418.9 44629.5
19513.9 7657.84
14395.7 32367.4
17628.2 28589.8
26762.1 45886
7145.32 14567.7
47235.1 35813.3
7895.3 23582.5
1720.98 6405.54
37087.9 11382.6
20426.4 24177.2
14143.2 6061.54
46883.1 45840
16164 42359.8
30499 7066.71
15544.1 13780.9
46887.3 45761.8
42612.8 14922.7
13329.3 14607.5
12096.1 11510
18538.9 47268.3
21144.9 44938.3
41849 12450.1
39341.3 47869.9
47463.7 46424.7
48069.5 39035.4
38460.9 47994.8
23910.8 8687.82
49809.7 49981.3
19413.7 3627.22
5438.94 10889.8
15166.1 44305.8
17119.5 29298.4
29500.1 3703.96
27665.1 8781.6
2671.19 8683.56
21871.4 17321.1
45092.8 48432.4
15682.8 49530.5
43409.3 14921.2
17473.3 1437.45
42837 48148.9
13888.5 47209.4
12660.1 28371.1
3232.39 6649.43
15972.1 46180.3
21972.3 5979.85
18434.2 156.742
20525 46283.4
19772.7 6276.03
47279.2 37498.9
27039.8 4958.99
12170.1 49748.8
32875.2 42827.9
25650.3 9227.05
21126 24282.7
22992.8 9990.37
48067.1 41396.1
8684.34 13847.9
26005.4 46561.1
6625.98 3527.22
10805 18136.4
16773.4 26199
15143.2 25388.6
31289 6136.05
15993.7 45775.7
14367.7 13876.4
37932.4 11318.7
12104.1 27511.1
16231.7 47412.1
45151.6 46309
28213.8 2798.5
37489.2 10780.4
28661.7 48341.2
19003.6 1736.98
45749.1 10175.8
10710.9 10592.1
27621.1 3452.84
19797 30226.4
16777.4 24910
46156.1 35847.2
45646.1 48074.4
49689.6 36769.9
18385.2 2607.36
860.602 7927.81
32783.8 2287.82
6603.84 11745.9
8730.32 11416.3
24319.5 12791.4
20727.9 9130.35
17530.5 8202.68
20686.8 7465.72
26647.9 2301.82
43535.7 46881.8
15776.3 46859
20287.9 45734.8
35496 12722.7
44690.3 47801.9
37507.7 6666.24
16908.6 6054.35
45940.4 42356.5
1875.65 11454.1
17836.4 27054.2
20327.5 6245.86
26808.2 5530.86
17597.7 47722.7
10036.5 19783.6
15753.1 13817.1
10887.7 42667.7
12610.1 28150.3
899.805 6463.21
40408 8628.37
9408.72 13564.7
19784.2 25076.2
10696.3 21073.6
10049.6 18971
25614.5 30625.3
19971.8 8767.28
15571.3 4706.54
12710 25998.1
45057.8 45466.6
20875.3 8987.12
7076.55 10587.8
5102.02 12239.4
49253.9 34748.9
46004.3 48459.8
24288.5 7602.1
633.266 5836.78
22294.4 13494.2
22296.3 49968.4
17286.9 45433.6
31780.8 10745.3
29172 5396.82
13891.1 49297.5
17015.6 8288.6
25995.3 45618
36962 9957.45
15356.4 28048.9
20130 46238.3
23330.5 10771.6
9366.32 40543.2
23043.5 9460.63
9436.73 16892.3
45951.4 48466.5
22862.4 6620.78
1736.49 10595.6
49206.5 39892.9
7026.28 4439.77
18402.6 29508
35703.6 5905
22413.4 29566.4
23490.2 7082.51
27679.5 2255.34
48821.3 43503.7
7766.09 7973.06
28865.6 2018.19
16700.8 26727.1
43138.1 15144
44549.7 38986.6
47479.8 47982.9
14405.6 26232.6
18916.2 4219.58
26413.1 47939.3
5807.55 7598.48
7438.26 5147.58
4455.78 5510.34
23897.1 5329.46
35124.1 10164.7
25979.9 4203.72
26472.3 2127.26
26050.7 47812.5
45293.8 40032.9
32186.6 1198.27
15749.5 41789.1
7989.08 15115.3
20606.7 48966
13783.5 49691.8
4918.28 14098.4
2968.37 7350.75
41408.1 11889.6
16696.5 811.86
12637.8 27087.8
37090.8 7706.33
42492 11670.9
4171.47 12114.5
22281.5 4765.87
2085.53 9814.11
28533.5 9888.07
20660.2 227.49
19172.7 1343.8
42437.4 47359.2
6928.78 396.37
19263.9 7720.41
5841.87 8289.65
9615.06 17074
28314.7 3978.11
5491.62 49962.6
20504 23818
17766 14383.3
29506.4 2620.08
9145.08 16122
10804.3 20381.6
27017.4 11086.5
12121.1 27384.9
17458.4 48757.8
29436.6 5136.11
21067.1 44066
10489.6 7518.04
25599.8 46001.4
46572 33809.3
47995.9 38779
17354.7 45128
14194.7 49251.3
14565.8 49543.1
16208.3 7053.7
15233.6 36497.6
21111.8 26668.7
19495.1 5272.75
20809.1 48289.1
22101.8 47251.4
25292.9 1539.19
14516.8 42420.8
39004.5 44990.6
10978.4 10183.4
20234.1 23589.5
46400.4 42797
20509.7 25888.4
37032.7 11672
46508.6 43083.1
23964.4 13376.7
44400.6 38075.9
46442.6 41219.9
24525.3 4326.87
30103.7 20175.2
27917.7 10466.2
1332.95 5254.16
21253.7 48145
41236.4 11711.8
41124.6 7776.66
38851.9 12842.4
13976 47978.5
29575.9 1415.37
31618.2 5060.99
45140.3 39163
47224.6 47615.5
27535 8552.66
12286.5 14149.7
20615.3 49769.2
11255.1 11206.4
5374.45 6916.56
5200.38 5820.06
2206.35 10547.1
18938.8 45949.4
20946.6 47901.1
28821.7 374.072
14791.7 19798.5
5098.36 8401.88
12720.9 5960.76
23767.9 46190.9
20588 10037.2
47133.2 45256.9
28071.2 8761.73
10302.9 5819.75
26297.3 22880.8
36236.5 5468.92
45974.7 46420.6
48729.1 38974
37232.8 5582.84
37193.8 16203.9
28341.9 7204.28
8681.61 4795
19514.5 3264.43
40473.7 45950.3
8029.68 11541.2
49077.4 5084.01
30008.4 3939.16
38716.6 15131.7
2769.21 13730.7
11387.5 8703.32
8369.86 10550
44082.8 46066
21507.4 3106.85
39585 46218.6
48262.3 38860.2
29584 10652.3
25677.6 7644.47
45665.4 44079.4
20946.5 1662.17
38035.7 15659.9
37319.5 10089.6
4191.89 11248.5
46474.5 39131.1
21563 8717.67
19051.8 26373.1
44855.2 44575.2
21892.7 25686.5
49916.1 12130
6332.85 9563.71
15931.1 9243.42
45851.1 36399.5
2716.69 19373.3
3182.36 11001.3
26891 31798.5
49482.2 49056.3
24498.5 3846.46
35260.2 34835.1
7286.81 26788.9
26396.3 48506.4
7470.5 15803.7
46046.5 39777.8
6172.61 6514.3
7086.1 11134.2
11502.6 14144.2
11465.8 10754.4
17711.4 1914.99
24197.3 11038.3
41228.8 13032.8
14773.3 43201.3
910.908 3458.06
249.239 7523.29
10018 20054.7
34383.4 4280.6
28927.1 3852.59
47428.1 9429.04
3536.89 13435.4
16591.1 47412.8
2167.26 11198.1
34770.9 15997.4
7172.06 8349.18
5925.85 10873.5
21637.4 1181.28
18453.3 25766.9
13797.9 26146.7
19006.9 45956.4
6630.27 1926.27
26811 47991.9
21473.9 6899.04
26916.9 49258.9
9891.41 14743.8
5949.89 1402.57
26246 22575.9
1496.94 6266.64
43479.3 15363.2
45785.1 40021.1
10718.8 48693.8
1060.52 4694.91
8573.88 12736.8
36753.6 15699
21120.8 6361.55
9091.37 5527.49
15413.9 43645.6
17206.5 10022.3
11796 10570
250.582 10084.6
8530.49 12735.7
4696.31 5058.64
36513.7 9288.1
47460.8 44675.2
22917.3 49158.3
10007.7 8760.63
45635.4 17612
29440.8 3406.55
26165.4 47219.2
23136.4 10247.4
19612.6 46710.4
8492.3 9589.11
28511.5 11061.2
49411.7 38440.9
43465.3 46185.2
43325.4 46701.1
37458.9 11272.6
8981.09 5156.48
18701.4 48886.4
3495.24 17644.6
603.56 3663.36
47470.2 38609.2
14592.5 17282.3
43968.4 47808.8
17347.1 42713.1
44648.1 48393
16548.5 45381.2
27968.6 2066.78
21894.6 4642.77
8510.17 6286.11
20378 46063.5
14365.5 14965.4
10753.6 12450.8
48950.4 42719.8
46566.6 33819.8
34138.2 13133.1
23881.8 49827.7
1163.58 21048.3
31487 5187.39
27021.5 6665.1
23412.9 25677
22689.6 1685.17
27956.4 10957.5
47963.5 36118.5
19391.3 24271
49164.9 38678.5
8749.52 6686.61
30053.4 1218.82
23620.1 6217.69
42285.9 13124.1
21474.7 30580.7
13311.4 27164.3
9343.87 40872.6
16948.5 49418.5
49035.9 41247.6
