1756.16 10722.5
26675.6 43370.9
10400.3 21620.4
33213.9 41047.5
19090.8 22066.1
25703.3 40287.3
34719.8 22410.1
13002.8 23878.7
9159.38 21309.9
30739.1 26306.2
29410.5 8913.52
6789.94 6446.1
9392.5 21985.2
10349.3 3653.96
15898.5 21721.1
15616.8 22773.6
21488.1 20639.7
18945.8 20063.7
1559.1 14453.5
17920.5 18609.3
30113.3 6928.37
10945.1 6588.7
29884.8 26200.1
32658.3 18372.6
9691.22 19787.5
31382.7 7481.51
31839.3 25214
1314.61 13144.6
21834.4 28771
9965.52 20478.9
9186.83 20235.5
39219.4 885.36
41292.9 1513.18
19237.8 24998.3
31059.2 13978.4
1788.99 15032.6
29892.2 6475.77
18383.1 23300.2
15597.5 27369.5
19264.3 26616.8
10690.8 23120.8
19449.2 23907.9
1427.74 8774.32
802.526 12619.6
6489.7 7240.35
16326.5 22770.4
38301.7 1589.38
21498.2 31342.7
45829.8 3571.13
1044.96 7953.83
17453.8 18348.9
1887.87 13959.2
30859.2 19302.8
10265.8 6701.78
33153.4 40295.9
10690.1 1646.04
2030.35 13237.1
16664.5 24801.3
31304.3 18435.3
4809.76 25948.4
33264.4 18922.7
28004.9 16727.1
9947.54 21707.8
26683 20597.7
10920.8 8645.56
22576.8 21826.6
39032.2 22663
38788 410.175
38022 2256.18
2125.9 13184.1
11703.5 15140.4
38781.6 923.962
15384.3 236.723
39441.5 199.323
31860.1 20145.5
11392.9 22892
9136.81 2752.72
37838.6 2351.57
12501.7 23271
33750 41593.5
34841.3 20739.4
11242.7 6522.09
31509.1 41100.4
23698.5 41308.7
30744 7625.78
10282.8 3275.67
16477.7 22574.5
30559.8 19998.1
2461.18 14144.2
23115.2 22216.2
3986.43 1878.94
9950.21 22214.1
22124.8 22425.7
17496.8 25027.5
32836.4 41288.9
18332.4 24977.7
27409.8 42816
18959.1 25927.4
17035 20753.8
32709.4 19020.5
1938.54 10856.9
7589.75 27968.9
42420.8 590.991
40230.1 901.342
14039.9 22942.6
19509.6 27568.5
29607 40748
26244.9 47835.5
21850.7 22715.3
34643.4 35275.1
15810.7 23837.8
10733.5 19894.6
31583.4 40989.7
10877.8 7296.04
22953.3 21615.9
39278.6 3462.47
4518.74 4915.5
21818.6 21818.2
19630.5 25380.9
16724.2 24709.8
15846.4 22902
17024.7 19100.8
10443.5 21902.7
17189.9 19971
894.249 13027.2
20252.3 21559.9
10720.4 7692.18
1032.22 11073.9
12378.4 22275.8
12697.6 1791.21
1710.54 10675
21188.4 20660.3
15345.4 22096.6
3199.46 9583.12
8947.27 22221.3
