23908.7 11497.8
39306.3 13994.1
11226.5 12282.9
14404.9 28204.9
18223.4 28592.2
26622.4 49415.2
1377.72 9778
14767.2 49051.2
18070.4 44128.7
19502.8 47353.3
36722.2 44146.1
43495.4 47818.3
45052.9 49013
16400 8064.9
18955.7 47510.4
30201.3 2261.85
46746.6 11919.9
42568.5 46873.5
8463.6 10231.8
15301.4 48946.8
13384.6 5916.5
29063.7 9113.23
28524 8947.89
27011.7 5929.18
19410.6 944.597
29018.1 12452
20739 46703.7
1573.58 3508.49
44933.3 39764.2
3553.5 11395.3
26769.1 2531.25
48107.1 37468.2
16885.3 26787.1
7830.57 6512.04
18650.8 29401.2
7972.9 13821.6
29019.8 12612.2
32959.1 6048.4
23804 11160.8
19794.7 45424.4
19418.9 44629.5
19513.9 7657.84
15745.6 30758.7
17628.2 28589.8
24724.5 46394
47235.1 35813.3
8403.33 21544.9
1720.98 6405.54
37087.9 11382.6
14143.2 6061.54
17285.1 12606.6
12408.7 12720
12096.1 11510
18538.9 47268.3
41849 12450.1
41040.2 49104.3
48069.5 39035.4
40549.4 47775.2
23910.8 8687.82
19413.7 3627.22
5438.94 10889.8
17119.5 29298.4
29500.1 3703.96
27665.1 8781.6
2671.19 8683.56
21292.6 19339.7
45092.8 48432.4
15682.8 49530.5
17473.3 1437.45
42837 48148.9
13888.5 47209.4
12660.1 28371.1
1178.28 7086.05
15972.1 46180.3
21972.3 5979.85
18434.2 156.742
19772.7 6276.03
47279.2 37498.9
27039.8 4958.99
30901.8 43546.1
23551.6 9153.76
22992.8 9990.37
48067.1 41396.1
8684.34 13847.9
26005.4 46561.1
16773.4 26199
15993.7 45775.7
37932.4 11318.7
12104.1 27511.1
16231.7 47412.1
45151.6 46309
28213.8 2798.5
37489.2 10780.4
19003.6 1736.98
10710.9 10592.1
27621.1 3452.84
17849.9 29439.7
46156.1 35847.2
45646.1 48074.4
49689.6 36769.9
18385.2 2607.36
860.602 7927.81
34294.4 3746.61
6603.84 11745.9
8730.32 11416.3
20727.9 9130.35
17530.5 8202.68
22705.5 6886.88
26647.9 2301.82
43535.7 46881.8
15776.3 46859
20287.9 45734.8
46431.3 48976.2
45940.4 42356.5
1875.65 11454.1
17836.4 27054.2
20327.5 6245.86
24834.8 4812.62
17597.7 47722.7
13779.7 13098.9
11674.4 44614.8
12610.1 28150.3
899.805 6463.21
40408 8628.37
9408.72 13564.7
19784.2 25076.2
23617.3 29976.3
19971.8 8767.28
15571.3 4706.54
46463 43906
20875.3 8987.12
7076.55 10587.8
5102.02 12239.4
46004.3 48459.8
24288.5 7602.1
633.266 5836.78
21373.8 11606.7
22296.3 49968.4
31416.2 8677.17
29172 5396.82
13891.1 49297.5
17015.6 8288.6
25995.3 45618
36962 9957.45
15356.4 28048.9
20130 46238.3
23330.5 10771.6
11185 41593.2
23043.5 9460.63
46872 46579.1
22862.4 6620.78
49206.5 39892.9
23490.2 7082.51
27679.5 2255.34
48821.3 43503.7
7766.09 7973.06
28865.6 2018.19
16700.8 26727.1
44549.7 38986.6
47479.8 47982.9
14405.6 26232.6
18916.2 4219.58
26413.1 47939.3
5807.55 7598.48
4455.78 5510.34
23897.1 5329.46
26472.3 2127.26
24232 46762.5
45293.8 40032.9
30239.5 411.601
15749.5 41789.1
13783.5 49691.8
2968.37 7350.75
41408.1 11889.6
14677.9 233.021
12637.8 27087.8
42492 11670.9
4171.47 12114.5
21632.6 2768.65
2085.53 9814.11
28533.5 9888.07
19172.7 1343.8
44256 46309.2
7073.67 1390.86
19263.9 7720.41
5841.87 8289.65
9615.06 17074
28314.7 3978.11
7591.62 49962.6
18530.6 24536.2
15671.1 14236.8
29506.4 2620.08
9145.08 16122
27017.4 11086.5
12121.1 27384.9
17458.4 48757.8
29436.6 5136.11
10489.6 7518.04
25599.8 46001.4
47995.9 38779
17354.7 45128
14194.7 49251.3
14565.8 49543.1
16154.1 38385.1
21111.8 26668.7
19495.1 5272.75
20809.1 48289.1
22101.8 47251.4
23238.8 1102.57
40858.7 44004.8
10978.4 10183.4
20234.1 23589.5
46400.4 42797
20509.7 25888.4
37032.7 11672
46508.6 43083.1
25475 11917.9
44400.6 38075.9
46442.6 41219.9
29739 18107.1
27917.7 10466.2
1332.95 5254.16
21253.7 48145
41236.4 11711.8
40406.3 9750.02
38851.9 12842.4
13976 47978.5
29575.9 1415.37
45140.3 39163
47224.6 47615.5
27535 8552.66
20615.3 49769.2
11255.1 11206.4
3285.96 7136.07
5200.38 5820.06
4305.07 10473.9
18938.8 45949.4
20946.6 47901.1
28821.7 374.072
5098.36 8401.88
12720.9 5960.76
23767.9 46190.9
49201.3 44892.3
28071.2 8761.73
12340.5 6327.78
26297.3 22880.8
45974.7 46420.6
38243.8 14385.2
28341.9 7204.28
8681.61 4795
19514.5 3264.43
8029.68 11541.2
47223.2 6069.9
30008.4 3939.16
2769.21 13730.7
13486.2 8776.61
8369.86 10550
44082.8 46066
21507.4 3106.85
48262.3 38860.2
29584 10652.3
25677.6 7644.47
47519.6 43093.5
37319.5 10089.6
4191.89 11248.5
46474.5 39131.1
21563 8717.67
19051.8 26373.1
44855.2 44575.2
19919.4 26404.8
48331 11674.5
6332.85 9563.71
45851.1 36399.5
3434.93 17399.9
3182.36 11001.3
24822.9 31433.8
49555.5 46957.6
37233.6 35553.4
9340.92 26352.3
26396.3 48506.4
46046.5 39777.8
6172.61 6514.3
7086.1 11134.2
11465.8 10754.4
17711.4 1914.99
22636.7 9633.11
41228.8 13032.8
910.908 3458.06
249.239 7523.29
11310.9 21709.5
32436.3 3493.93
28927.1 3852.59
3536.89 13435.4
16810.6 49501.3
2167.26 11198.1
33312.1 14486.8
7172.06 8349.18
5925.85 10873.5
21637.4 1181.28
18453.3 25766.9
13797.9 26146.7
19006.9 45956.4
4849.37 813.435
26811 47991.9
21473.9 6899.04
24943.6 48540.7
5095.74 3321.02
26246 22575.9
1496.94 6266.64
45785.1 40021.1
12807.3 48913.3
2519.3 6205.53
8573.88 12736.8
21120.8 6361.55
9091.37 5527.49
11796 10570
8530.49 12735.7
4696.31 5058.64
36513.7 9288.1
47460.8 44675.2
10007.7 8760.63
43894.4 16437.7
29440.8 3406.55
26165.4 47219.2
23136.4 10247.4
19612.6 46710.4
8492.3 9589.11
28511.5 11061.2
49411.7 38440.9
43465.3 46185.2
43325.4 46701.1
37458.9 11272.6
8981.09 5156.48
18701.4 48886.4
603.56 3663.36
47470.2 38609.2
12983.8 15932.5
43968.4 47808.8
46502.3 49378.9
16548.5 45381.2
27968.6 2066.78
21894.6 4642.77
8510.17 6286.11
20378 46063.5
15351.4 13111.2
10753.6 12450.8
48950.4 42719.8
36025.6 12212.5
23881.8 49827.7
1383.09 18959.8
27021.5 6665.1
24508.2 2735.17
27956.4 10957.5
47963.5 36118.5
19391.3 24271
49164.9 38678.5
7399.66 8295.3
28056.2 1867.76
23620.1 6217.69
42285.9 13124.1
13311.4 27164.3
11381.5 41380.6
16948.5 49418.5
49035.9 41247.6
