12051.3 21575.1
23908.7 11497.8
20450.4 4924.63
7168.16 15584.6
2319.51 8076.55
39306.3 13994.1
46591 49355
11226.5 12282.9
14404.9 28204.9
18223.4 28592.2
26622.4 49415.2
32037 3367.83
1377.72 9778
14767.2 49051.2
42643.5 15517.2
18070.4 44128.7
19502.8 47353.3
32825.1 41896.1
39598.2 45568.3
41815.8 45887
20801.6 7129.3
48897.5 34938.2
7638.17 44956.3
18955.7 47510.4
30201.3 2261.85
49748.5 13553.6
8820.26 49084.4
42568.5 46873.5
8463.6 10231.8
15301.4 48946.8
13384.6 5916.5
29063.7 9113.23
28524 8947.89
27011.7 5929.18
39881.2 5963.67
19410.6 944.597
13558.5 41458.3
23686.8 40261.1
29018.1 12452
20739 46703.7
18697.7 13915.1
1573.58 3508.49
44933.3 39764.2
13137.5 6646.8
30822.6 6291.17
3553.5 11395.3
26769.1 2531.25
48107.1 37468.2
16885.3 26787.1
763.068 11943.4
35208.5 13712.6
12090.3 40430.3
12286.8 5885.76
35880.8 6135.51
18650.8 29401.2
7972.9 13821.6
29019.8 12612.2
36085.1 9285.43
23804 11160.8
19151 47752.4
19794.7 45424.4
21930.3 30154.2
19418.9 44629.5
45573.3 11417.6
19513.9 7657.84
12853 34205.9
17628.2 28589.8
36028.6 42336
29090.8 45305.3
7145.32 14567.7
47235.1 35813.3
7314.69 25911.2
4665.04 15702.6
1720.98 6405.54
37087.9 11382.6
20426.4 24177.2
14143.2 6061.54
46883.1 45840
16164 42359.8
43491 12175.3
30499 7066.71
13554.4 15123
46887.3 45761.8
42612.8 14922.7
14381.4 16764.6
12096.1 11510
18538.9 47268.3
14339.5 8528.01
21144.9 44938.3
6098.02 19591.3
41849 12450.1
37399.7 46459.2
47463.7 46424.7
48257.2 34906.4
48069.5 39035.4
41353.2 48323.3
22772.7 40560.4
36074 48245.6
23910.8 8687.82
48399 48039.7
19413.7 3627.22
5438.94 10889.8
15166.1 44305.8
17119.5 29298.4
1525.26 13922.7
29500.1 3703.96
27665.1 8781.6
2671.19 8683.56
22533 15014.1
8808.45 45217.6
45092.8 48432.4
15682.8 49530.5
43409.3 14921.2
17473.3 1437.45
42837 48148.9
13888.5 47209.4
12660.1 28371.1
5579.94 6150.44
19296.8 40472.4
12067.7 11091.5
15972.1 46180.3
21972.3 5979.85
18434.2 156.742
22416.2 47761
19772.7 6276.03
47279.2 37498.9
27039.8 4958.99
12170.1 49748.8
35130.5 42007
28048.9 9310.8
40055.8 47304.5
12713.3 45938.8
21126 24282.7
22992.8 9990.37
5993.84 18948.3
48067.1 41396.1
8684.34 13847.9
15152.1 29361.1
14416.3 9476.6
26005.4 46561.1
6625.98 3527.22
10805 18136.4
16773.4 26199
2152.2 11146.2
15143.2 25388.6
30689.8 299.262
28912.4 6470.07
26924.4 9700.69
15993.7 45775.7
16754.6 13625.5
37932.4 11318.7
12104.1 27511.1
16231.7 47412.1
45151.6 46309
28213.8 2798.5
37489.2 10780.4
4327.13 18537.9
28661.7 48341.2
19003.6 1736.98
47291.7 8337.26
10710.9 10592.1
27621.1 3452.84
22022.2 31125.5
16777.4 24910
12542.8 49128.6
46156.1 35847.2
45646.1 48074.4
49689.6 36769.9
18385.2 2607.36
860.602 7927.81
24269.9 41465.4
31057.4 620.645
6603.84 11745.9
8730.32 11416.3
43196.3 38260.9
24319.5 12791.4
20727.9 9130.35
17530.5 8202.68
11606.4 22680.7
17074 5839.32
18379.8 8127.25
26647.9 2301.82
43535.7 46881.8
48748.7 34948.3
15776.3 46859
20287.9 45734.8
33769.6 14389.9
42700.6 46459.8
37507.7 6666.24
13523.2 40415
16908.6 6054.35
45940.4 42356.5
1875.65 11454.1
17836.4 27054.2
20327.5 6245.86
8726.89 43603.9
1810.02 14586
36768.6 42892
29063.4 6351.71
17597.7 47722.7
10036.5 19783.6
18008.3 14638
37817.6 43921.8
9988.66 40442.4
12610.1 28150.3
899.805 6463.21
40408 8628.37
9408.72 13564.7
19784.2 25076.2
31506.8 2606.63
10696.3 21073.6
20643.7 42154.9
22347.5 11199.6
10049.6 18971
27897.1 31366.9
19971.8 8767.28
43810.2 9723.21
15571.3 4706.54
12710 25998.1
43451.9 47250.1
14828.5 9940.78
3169.23 17167.2
20875.3 8987.12
45546.9 45242.3
10300.6 26917.1
7076.55 10587.8
21052.9 41265.2
5102.02 12239.4
47042.4 34246.6
49253.9 34748.9
46004.3 48459.8
12219.6 19233.2
24288.5 7602.1
633.266 5836.78
23346.4 15651.3
22296.3 49968.4
16387.8 43208.3
32197.6 13108.8
7240.54 47176.5
29172 5396.82
13891.1 49297.5
17015.6 8288.6
25995.3 45618
36962 9957.45
9457.42 43858.9
15356.4 28048.9
37711 42935.7
20130 46238.3
23330.5 10771.6
7287.86 39343.2
9335.34 25864.7
23043.5 9460.63
9436.73 16892.3
44666.9 49731.5
22862.4 6620.78
10.0771 12262.7
8994.84 44908.4
49206.5 39892.9
8216.83 46360.8
46620.1 34376.5
7026.28 4439.77
20796.8 29675.4
36343.6 4261.37
35703.6 5905
22413.4 29566.4
22389.8 42136.4
23490.2 7082.51
27679.5 2255.34
48821.3 43503.7
9147.96 42444.8
7766.09 7973.06
28865.6 2018.19
28572.3 41979.2
16700.8 26727.1
13444.7 41167.9
43138.1 15144
44549.7 38986.6
35124.8 678.186
47479.8 47982.9
3643.59 17551.9
35777.3 44291.5
14405.6 26232.6
18916.2 4219.58
9293.91 23455.4
12031.9 41395.6
26413.1 47939.3
5807.55 7598.48
20431.3 40737.3
7438.26 5147.58
4455.78 5510.34
23897.1 5329.46
33581.4 8326.16
42560.3 34816.9
35491.5 4610.22
25979.9 4203.72
26472.3 2127.26
28129.1 49012.5
45293.8 40032.9
34411.9 2097.33
15749.5 41789.1
7989.08 15115.3
49953.2 42167.6
23000.9 49133.4
13783.5 49691.8
3079.78 12555.7
2968.37 7350.75
41408.1 11889.6
19003.5 1473.39
12637.8 27087.8
37090.8 7706.33
42492 11670.9
4171.47 12114.5
23023.2 7048.41
19362.8 22624.4
2085.53 9814.11
14243.7 43859.7
28533.5 9888.07
20660.2 227.49
19172.7 1343.8
40358.9 48559.2
15192.3 5647.74
7506.3 45691
7509.39 2725.08
19263.9 7720.41
5841.87 8289.65
9615.06 17074
28314.7 3978.11
3091.62 49962.6
22759.3 22997.1
20160.1 14550.7
29506.4 2620.08
25529.1 49943.5
9800.59 49188.7
9145.08 16122
10804.3 20381.6
27017.4 11086.5
12121.1 27384.9
17458.4 48757.8
29436.6 5136.11
21067.1 44066
10489.6 7518.04
21387.4 10226.7
25599.8 46001.4
46572 33809.3
9680.84 40743.5
38349.4 40796.8
9024.92 43975.5
47995.9 38779
17354.7 45128
14194.7 49251.3
14565.8 49543.1
16208.3 7053.7
5396.1 15466.9
22857.8 12530.9
10312.6 34745.6
14181.5 34340.5
21111.8 26668.7
19495.1 5272.75
20809.1 48289.1
25975.4 10177.1
22101.8 47251.4
44245.9 13696.6
27640.5 2038.18
14516.8 42420.8
36885.4 46117.4
4541.95 27075.2
10978.4 10183.4
20234.1 23589.5
46400.4 42797
20509.7 25888.4
33409.3 37365.6
37032.7 11672
48122.8 33248.7
46508.6 43083.1
22238 15043.8
44400.6 38075.9
46442.6 41219.9
24525.3 4326.87
30520.4 22538.8
27917.7 10466.2
1332.95 5254.16
21253.7 48145
41236.4 11711.8
41945.4 5521.4
38851.9 12842.4
36618.6 43199.6
13976 47978.5
29575.9 1415.37
31618.2 5060.99
45140.3 39163
47224.6 47615.5
27535 8552.66
12286.5 14149.7
20615.3 49769.2
47653 37870.5
13235.2 14609.1
11255.1 11206.4
7761.31 6665.69
35991 42924.4
5200.38 5820.06
4.20061 10524
18938.8 45949.4
30056 5263.77
34781 43512.4
20946.6 47901.1
28821.7 374.072
10751.4 42335.2
17098.8 20460.1
5098.36 8401.88
12720.9 5960.76
49168.2 35717.5
23767.9 46190.9
21930.1 12026.9
44769.7 45673.7
28071.2 8761.73
7974.18 5239.14
26297.3 22880.8
36236.5 5468.92
45974.7 46420.6
47123.1 40757.6
37232.8 5582.84
35993.8 18282.4
28341.9 7204.28
8681.61 4795
9175 42151.2
19514.5 3264.43
5710.17 17879
40473.7 45950.3
8029.68 11541.2
9795.38 41035.9
48900.8 5177.91
22435.3 485.542
30008.4 3939.16
38716.6 15131.7
6605.69 19876.5
8093.87 13465.6
35361.8 46374.8
2769.21 13730.7
8988.97 8619.56
8369.86 10550
44082.8 46066
21507.4 3106.85
39585 46218.6
48262.3 38860.2
29584 10652.3
25677.6 7644.47
43546.4 45206.1
20946.5 1662.17
38035.7 15659.9
37319.5 10089.6
4191.89 11248.5
46474.5 39131.1
22851 44907.3
21563 8717.67
19051.8 26373.1
36539.5 46902.7
44855.2 44575.2
24148 24865.7
16178.3 35031.3
7107.89 5693.99
25007.8 48202.2
49832.3 14528.6
6332.85 9563.71
15931.1 9243.42
21706.6 25394.6
45851.1 36399.5
1895.84 21628.6
3182.36 11001.3
29254.6 32215.2
48051.7 49906.9
20247 41139.4
24498.5 3846.46
33005 34014.3
4939.25 27287.9
26396.3 48506.4
7470.5 15803.7
46046.5 39777.8
6172.61 6514.3
7086.1 11134.2
11502.6 14144.2
10391.5 25392.2
11465.8 10754.4
17711.4 1914.99
25980.8 12644.2
27427.9 13412.3
41228.8 13032.8
14773.3 43201.3
910.908 3458.06
249.239 7523.29
25739.8 5043.05
8540.45 18163.5
36608.6 5179.66
28927.1 3852.59
48905.7 7537.81
3536.89 13435.4
5441.82 19461.1
16340.2 45026
2167.26 11198.1
36438.1 17723.8
7172.06 8349.18
5925.85 10873.5
16429.9 27459.7
21637.4 1181.28
18453.3 25766.9
13797.9 26146.7
19006.9 45956.4
8665.59 3198.07
26811 47991.9
21473.9 6899.04
28796.3 49943
9640.55 17130.7
7290.83 357.646
26246 22575.9
38872.3 46748.4
1496.94 6266.64
43479.3 15363.2
45785.1 40021.1
8331.91 48442.9
39741.1 49572.1
47321.8 34222
594.005 3060.18
8573.88 12736.8
35027.2 17366.1
25836.1 10931.8
21120.8 6361.55
39432.6 21257.7
43130.4 34262.2
9091.37 5527.49
15413.9 43645.6
17206.5 10022.3
11796 10570
1401.53 8973.11
8530.49 12735.7
44744.2 12530.4
4696.31 5058.64
4697.62 18871.3
36513.7 9288.1
47460.8 44675.2
21941.2 46965.8
2693.47 17166.2
10007.7 8760.63
47625.1 18954.1
38457.2 43475.4
24697 47568.2
29440.8 3406.55
10559.3 40899.1
26165.4 47219.2
23136.4 10247.4
19612.6 46710.4
8492.3 9589.11
8410.57 44670.6
28511.5 11061.2
49411.7 38440.9
43465.3 46185.2
2020.35 14553.5
43325.4 46701.1
37458.9 11272.6
8981.09 5156.48
18701.4 48886.4
1095.24 17644.6
37082 45475.7
603.56 3663.36
47470.2 38609.2
16431 18825
43968.4 47808.8
6358.25 18652.3
28313.4 47789.5
20845.4 22688.3
15508.5 41170.4
4226.36 49635.4
13703.5 9303.45
42529 47266.2
16548.5 45381.2
27313.6 7237.4
27968.6 2066.78
41643.6 48832.8
21894.6 4642.77
8510.17 6286.11
5589.84 18821.3
31245 624.182
20378 46063.5
13238.7 17084.5
10753.6 12450.8
48950.4 42719.8
46566.6 33819.8
31981 14185.2
23881.8 49827.7
912.707 23435.2
31487 5187.39
27021.5 6665.1
25807.1 25844.4
20611.1 485.168
27956.4 10957.5
44657.6 11174.1
47963.5 36118.5
19391.3 24271
10941.8 48389.3
39181.7 41235.1
5853.06 40425.9
49164.9 38678.5
10292.2 4848.1
32336 477.179
23620.1 6217.69
40589.6 47948.2
7804.18 49437.2
42285.9 13124.1
21474.7 30580.7
13311.4 27164.3
10640.4 12274.8
7015.16 40291.9
16948.5 49418.5
49035.9 41247.6
