19779.3 4217.78
24186.6 11210
23887 12151.6
7480.02 17051.8
15638.6 5368.81
34415 10694.9
232.877 44158.2
44487.6 47826.8
11226.5 12282.9
15109.1 29529.3
17249.4 31002.9
26961.6 49627.2
33053.6 117.207
33750.4 19024.1
47757.9 12853.5
1377.72 9778
16438.4 47059.5
23522.3 24578.6
48375.4 28560.8
6653.82 25273.9
386.691 42980.9
41144.5 15464.9
40290.6 16492.3
49120.3 28856.3
39725.7 44372
18402 44352.4
48479.8 7626.45
43023.6 44330.4
19502.8 47353.3
16370.6 32396.1
23143.8 36068.3
28148.4 32688.5
39386.4 3178.98
48722.1 34578.7
1966.72 43330.1
18955.7 47510.4
49371.4 12713.5
33198.3 1343.54
15195.9 12650.9
29901.3 1742.24
47104.2 32368.6
5904.63 46806.5
41870.1 16356.3
42900.1 46649.8
5693.72 5022.4
12185.2 47772.3
11009.4 6974.01
46211.3 23954.4
26812 10413.2
30165.7 13458.4
24674.9 7068.95
5993.71 47357
41550.7 12246.4
12338.1 23524.9
615.185 46103.8
7554.94 40016.3
20631.3 3240.26
15063.5 38078.1
4663.82 28488
23686.8 40261.1
39196.2 21421.7
11625.4 23963
49004.5 11931.8
25374.3 11809.5
20379.5 46528.4
24569.1 31985.1
42388.6 49981
2491.71 44679.6
2159.71 56.4723
2406.67 47621.6
20695.2 35185.1
40482.9 41562.3
41486.8 30824.4
4291.76 10112.8
31480.2 4942.98
5036.78 15960.4
23434.7 5984.09
47937.5 37574.2
25027.3 38849.4
14589.7 28007.7
2633.35 10137.2
16220 14375.7
22864.1 23642.8
47259.6 33825.6
42018.3 21820.7
12985.4 44020.4
31101.9 3241.47
36242.6 3560.82
17686.6 28252.2
7330.41 10177.8
27754.3 9135.39
49283.6 22952.9
24943.8 8823.98
19151 47752.4
36577.8 91.1592
20101.1 45167.3
35773.7 41133.3
36702.9 45496.1
23091.5 34811.7
23984 46112.7
48566.6 13592.4
16188.4 6035.86
37959.8 31651.9
640.061 48760.8
17586.4 28987.6
27281.1 43692.3
38876.2 16197.2
44563.2 6625.28
38589.1 42787.5
47526.5 40708.8
8673.56 16671.1
3083.03 42446.9
34763.6 47526.4
43158.9 37120.3
41346.6 17524.1
45738.8 35918
23816.9 29352.7
44666.3 17815.3
7824.87 29134.3
2718.17 44346.8
8228.83 32961.6
47629.3 12226.2
7132.94 23758.2
7486.41 19585.9
1324.57 6518.94
35125.6 43148.9
9496.6 18251.4
45946.7 17421.7
45463.5 43843.6
37348.4 12859.8
11196.5 33157.6
20426.4 24177.2
22494.5 11129.2
17775.6 1412.27
5599.88 22573.5
48338.6 46202.9
27137.7 44674.2
19754.1 41464.7
42929.1 10784.5
41987.1 8730.71
30201.7 7334.37
2113.72 22839.8
47233.7 45561.8
46169.5 13902.8
1721.88 24217.1
27462.4 18501.4
30544.1 18215.2
22710.4 33841.7
15793.8 11639.2
16578.2 44130.5
20109 14739.5
4345.31 46142.6
35930 37458.4
30507.2 10341.1
10908.9 7141.96
34377.8 17209.2
23688.5 49008.9
36294.8 19728.7
6098.02 19591.3
19763.9 48107.8
44435.4 7147.22
22028.3 35291.3
21297.6 34266.9
42576.4 16917.2
46191.6 45629.8
42238.2 35495
44309.4 39290.9
49769.6 41961.1
36784.9 46051.5
40812.6 45780.1
25147.9 39502.9
10884.9 3214.22
7501.97 37052.3
19235.5 47803.3
1868.19 16890.4
23545.4 8525.13
37231.1 32668.4
23393 943.096
35981.9 32325.2
5438.94 10889.8
19815.4 47938.2
8066.98 8097.59
17119.5 29298.4
2182.81 12574.5
27547.8 8088.98
29515.1 11985.9
6314.98 9326.06
36242.7 33662.5
30005.1 927.986
9690.13 46431.1
49281.8 26541
27730.2 39512.2
45842.8 47133.4
10023.5 28614
14085.1 47876.1
45705 13700.5
42549.8 26062.3
38958.2 20894.6
16086 16649.7
7236.22 25777.8
17473.3 1437.45
32486.5 35109.8
48161.2 12903.3
394.048 15278.9
41688 49113.1
14736.6 11938.3
14108 49297.9
8725.17 36633.8
12604.4 27975
4701.48 44025.1
24164.7 2200.12
38285.3 41135.5
39296.5 28130.1
36956.3 12523.6
26806 718.804
3994.15 45877
11370.9 18252.2
22014.4 30096.3
14857.4 45176.6
27583.5 4156.65
26543 13146.6
12108.9 15987.4
41700.4 19844.5
41009.3 36381.1
17872.3 1547.52
9554 43573.9
5351.98 29408.2
13275.3 40619.3
21150.5 4071.1
46894.7 37388.7
31354 2854.81
9559.76 29831
6968.33 20438.6
13390.8 47453.1
47158.5 37629.1
47037.3 9973.9
35328.7 48138
8.52341 41743.6
36083.9 41435.7
24460.4 20829.8
22223.5 6371.23
11335.2 11186.1
8712.42 40420.9
33158 17430.1
30017.7 37494.1
5659.01 23736.6
46975.2 33834.5
48429 38821.4
9072.46 13944.7
9218.32 20143.1
49632.5 34492.1
9762.16 26961.4
14416.3 9476.6
26180.8 46920.7
7521.09 7117.31
7172.03 22966.5
47309 38458.4
9183.04 14810.8
15274.3 26251.4
3757.92 43637.1
11432.7 875.744
36036 16634.1
18355 28955.7
34335 5073.11
47209.4 35132.7
30835.3 983.965
40632 20040.5
10097.3 9114.36
28885.1 12838.5
18677.8 49755.1
35650.5 11639.5
1388.54 42430.2
38970 49355.7
37570.6 8744.01
13124 31067.8
8007.79 35518.2
32088.3 31902.5
16179.3 48911.2
24277.6 14685.1
2201.86 49537.6
4974.82 43687.5
41561.5 47204.1
28304.6 5396.91
33845.4 10137.9
4121.22 12641.5
35625.5 41000.5
26592.7 45273.7
43365.1 35408.8
37217.5 22167.7
10788.4 16798.3
11324.5 46428.6
4449.98 46748.5
18150.2 10178.1
21446.8 847.725
2002.41 39111.8
18655.7 28998.5
6282.14 23641.3
33728 1700.1
40606.8 16304.1
33519.8 6764.04
10345.5 10429.4
27881.6 1975.63
31104.4 41818.7
39638.7 38243
20157.5 26415
3309.06 44295.7
1150.42 37331.4
28165.4 26648.4
42465.1 36105.3
46610.2 49223.5
46855.2 34391.6
43517.4 21468.6
18385.2 2607.36
43254.9 35085.4
33875.3 38520.7
693.084 12724.9
24179.1 44063.8
43430 12568.8
1815.53 11411.1
9053.93 11651.4
30003.1 48180
46289.9 49734.5
24715.7 12847.1
16889.9 10524.9
19670.4 11505.6
19336.6 10073
24805 36348.1
8104.68 49265.4
11177.6 5633.42
115.837 13364.4
25465.9 3225.31
32767.4 41441.2
37763 38737.5
39221.5 48986
49991.5 34554
11543.3 13036.6
14176.3 49959
47015.6 26885.1
39387.6 19077.2
20417 42037.1
35961.5 39412.5
36120.7 13585.1
56.2839 18645.4
14475.2 47475.7
22122.3 5716.05
47018.8 30098.4
33604.7 31964
20102.2 27588.4
26948.9 35835.2
39800.5 35758.7
41838.5 2303.74
36791 9165.52
1596.83 12313.1
13255.6 40712.2
26128.4 49320.9
7832.51 16251.2
14753.1 4600.45
49629.4 40940.4
21215.4 7185.92
44485 41993.7
3019.02 14973
18377 24511
32950.6 6370.7
16535 10765.5
3938.58 43269
7199.94 12186.2
36768.6 42892
46917.6 12850.1
17597.7 47722.7
9730.12 20040.7
36269.2 47197.6
35862.5 21136.4
6527.8 12853.1
33252.5 42438.6
2871.14 22825.9
12000 26779.9
1401.54 1689.5
37958.5 42090.9
44565 6228.37
31615.3 18803.9
7253.22 15018.6
20748.4 26225.3
35714.5 16584.6
14903.9 24048.8
690.039 41371.9
7417.29 24080.2
30284 1425.71
10696.3 21073.6
23559.3 39877
24790.7 12088.8
10839.7 25932.6
8658.84 18409.1
45967.1 37238.2
19971.8 8767.28
16897.1 11089.4
46309.5 9006.55
17242.6 6698.25
693.818 39726.3
28748.7 34196.3
16123.5 35153.5
46541.4 29892.3
18180.4 28208.3
38817 17114
42080 47935.5
29680.3 39829
16565.5 6673.88
3350.6 14573.6
32799.4 17531.2
5067.09 28629
1269.77 45839.5
23475.3 8987.12
11552.5 36332.4
36198.3 47433.9
11828.8 24813.6
2276.55 10587.8
2483.93 49982.7
20969.7 41656.5
4332.75 15858.5
10117.1 40696.3
48314.5 33451.8
48919.1 39537.2
3870.61 40022.5
33931.8 5492.07
45613 48543
12219.6 22933.2
23630.9 8950.29
12735.1 29048.2
1956.32 1222.72
122.23 43633
31675.5 32728.4
23517 47672.8
9270.27 25591.8
35496.9 31820.2
4561.38 38816.9
29172 5396.82
12704.1 47940.6
19119.8 3974.39
29693 45488.8
40342.1 8452.52
8895.51 42468.1
12535.1 24165.6
37152.2 39453.3
37711 42935.7
24918.3 46573.2
41815.5 15091.1
23330.5 10771.6
5263.25 26049.9
6000.98 22411.9
47410.3 11292.1
21560.2 4895.56
12641 18742.3
4564.9 41359.3
27589.8 41402.4
23631.7 10239.9
13434.6 828.023
10138.2 41389.5
49206.5 39892.9
3419.76 46193.3
12301.2 37371.4
46224 34432.1
6626.52 4453.73
40458.8 37985.1
49022.2 31264.4
39750.5 31000.8
37844.8 114.51
30178.4 14931.6
35745.4 6302.81
22078.6 34354.7
20457.7 43876.2
17679.8 6057.99
36300.3 39475.8
32453.2 2757.08
47702.8 46808.1
10769.9 45770.4
3255.57 9614.75
28865.6 7918.19
35183.6 39177.7
29020.4 34833.6
7329.97 49252.6
40456.1 33421.4
47468.2 43965.2
27376.1 19114.5
11591.2 29677.1
13031.2 42609.8
41917.4 17439.7
48213.7 38471.6
17631.6 14335.5
2216.47 26080.4
8161.38 21763.2
19554.1 13668
5545.13 34543.2
48400.5 2616.05
41637.2 47161.8
44803.4 43357.5
5799.09 16098
35777.3 44291.5
14405.6 24732.6
29654 24948.3
7928.98 45663.2
16372.6 148.944
38356.8 35708.6
1918.09 8407.21
12031.9 41395.6
28935.9 48568.3
8330.32 6969.48
18625.2 42607.6
5186.59 6447.58
4455.78 5510.34
23897.1 5329.46
31781.6 6181.23
42513.2 40450.9
26463.6 32276
47275.7 5680.11
23745.2 37461.2
38559 6679.23
38157.9 45002.2
22360.7 4972.99
28940.4 581.764
15138.8 41512.5
46351.3 42408.2
47687.2 35647.4
36824.6 406.297
5603.85 45173.8
49201.9 10337.8
19270.9 11560.1
10975.8 42290.8
40664.6 49169.8
22889.6 39756.6
9312.14 19729.4
1547.92 47107.7
38853.2 49967.6
17104.9 23965.8
28986.2 49551.9
12749.9 48338.4
9750.72 1183.03
1589.64 7593.86
9249.3 29647.2
48929.3 35401.3
35565.6 12710.7
37267.5 6710.5
22243.2 28043.4
4590.36 44330.1
7334.9 24501.4
30755.7 42381.1
34677.2 39317.9
35351.1 9638.51
15967.8 42446.8
7987.22 40980.3
49514.1 33629
43991 11723.3
1577.8 11933.1
28894.5 25118.5
18949.3 24066.3
7823.92 40652.5
3351 13291
3493.02 43508.7
28739.4 3991.66
22965.8 107.881
9080.31 45390.5
20849.7 496.709
29884 36016.1
16264.7 6547.64
6789.64 48190.3
42922.3 37228.7
12105.9 21160.7
21482.1 36652.2
12286.9 28119
16663.9 7720.41
8440.28 8380.39
8633.02 929.894
12436.4 13190.7
21480.7 12076.7
2088.1 18588.7
26859.3 3615.23
91.6204 34062.6
40613.4 16498.8
15050.3 2135.31
12189.1 35025.9
36736.7 33933.1
42233 35326.4
39113.8 15876.1
42260.7 42661.8
26672 4998.39
44259.1 33183.9
32360.2 16103.7
24385.7 46424.6
21892.5 43751.2
14365.7 47705.4
8933.11 16461.2
15695.6 17082.4
31831.9 11055.1
33427.1 45364
34112.8 15626.4
31922.1 34865.3
27721.6 9762.11
48394.2 16732.1
2619.91 17471.2
8363.61 19764.1
40804.1 39225.8
43807.6 37770.7
12750.1 24862.1
41804.2 22443.2
17308.5 48386.9
27814.6 1810.57
37792.5 42925
24520 40731.7
8683.48 9388.32
35739.7 45486.3
748.696 25399.5
19895.7 10383.5
26242.3 49645.2
3649.93 44484.2
28246 2689.64
347.062 22971.4
763.662 16501.5
48267.7 33895.5
19902.9 11527.5
46903.6 34033
38352.6 28955.4
8181.76 40691.1
3618.26 18336.4
38297 39297.7
8135.67 46418.7
34713 16506.2
207.519 45803.8
49866.2 40585.1
2479.73 42734.7
18840.1 45336.7
14194.7 49251.3
12336.9 47669.2
39562.2 46934.8
35347.6 9459.06
12325 4232.33
11013.3 13676.9
22988.8 37359.4
5842.57 23954.5
4646.1 14167.8
47037.9 10742.6
17881.9 28499
39952 41422.6
41555.6 34261.1
18754.2 23327.8
21675.8 11607.4
17119.7 5305.23
7668.33 15930.5
5852.41 17263.4
21945.3 31395.8
22316.4 9156.04
22857.9 49889.8
27219 9338.34
18458 46608.9
44457.8 14035.8
46225.3 5988.5
14245.1 39835
29841.5 17141.3
24621.9 40519.5
13229.9 24042
16821 11004.5
8041.05 19671.4
19344.8 26032.7
49467.8 40728
2540.42 27383.1
22527.7 31432.6
22241.4 21994.3
40187.8 44982.6
41270.9 9418.58
44330.3 28729
49001.9 8978.35
41789.2 49200.3
46508.6 43083.1
8570.56 28242.3
42063.7 39215.6
49800.1 10763.9
49444.6 39623.7
22320.4 2949.08
33819.8 41250.1
42842.2 15063.8
22614.8 13052.6
2199.55 34675
3004.2 3262.44
862.803 45500.2
5287.54 46565.6
4985.2 26445.5
24843.8 47249.9
37444 16231.5
41469.5 42064.3
9467.99 45422.7
3180.28 24063.4
3535.82 42979.4
47685.8 8462.08
35392.4 39804.5
42408.6 13862.2
49649.9 30563.1
37621.7 48742.1
33188.1 44585.6
22058.1 20132.9
38428.9 43343.3
13226 46679.4
7129.68 40467.3
29716.8 1680.26
141.257 25103.6
29095.4 5689.99
42965.5 36169.6
44928.9 46394.9
29020.4 8761.42
13713.1 13686.2
19074.5 47298.2
47653 37870.5
11593.5 19119.7
37194.6 36798.7
10176.1 10164.5
19558 39193.9
26657.2 4679.65
39691 42924.4
23011.8 13778.9
6696.72 5715.43
18789.3 9767.93
20544.8 29680.7
19834 42359.3
44024.8 7086.66
6966.04 28452.3
5308.58 26997.1
43123.4 41357.7
39438.4 44673.6
31551.1 48699.7
20737.9 46415.7
30374.8 1065.52
5132.99 37555.8
2906.19 41335
16362.6 40512
30554.8 16507
43832.2 45341.8
35362.7 25697.2
8742.14 9044.38
9886.53 3582.45
40271.7 41132
49024.4 35856.4
5690.19 18073.7
23157.8 47561.3
32554.8 27778.6
29886.7 19600.2
26058.3 48973
11709.5 10511.7
23199.6 33648.7
27908.5 9127.15
30123.5 14570.7
7807.9 23894.7
93.5041 19440.5
7899.26 1819.43
39650.7 36667.3
26297.3 22880.8
11541.8 21571.3
36319.6 5077.66
43028.1 22670.6
14604.1 24453.6
48584.3 49318.9
33995.5 45623.2
47150.4 25479.8
38581 6240.4
39458.9 48410.3
14659.8 30505.8
21634.2 42217
40365 16309
26493.8 34736.8
47603.4 29878.4
44091.9 21548.9
31163.3 3321
10750.6 7862.44
18419 23999.5
39258.4 42840.2
39280.4 44956.2
10658.3 46716.3
195.856 25361.3
17843.2 1272.71
3718.45 19550.3
41835.8 38465.9
40075.9 45992.1
8824.56 10269.2
14360.5 39552.6
46262.2 10632.4
14873.5 10805.1
15722.2 21233.1
32124.8 14097.9
27209 987.279
20596.2 7939.7
49877.1 30927.5
39928.4 44709.5
34458.9 2141.05
36341.4 16189.2
41920.5 38760.3
42171.9 39016
9521.33 17598.5
20415.1 959.718
23408.6 44284.6
33292.8 43307.3
49115 12320.5
47026.1 14191.6
2159.1 15101
34628.6 30360.1
32372.5 12585.1
1983.09 69.8536
10968.3 10640.8
39532.1 43915.3
46603.2 4027.39
48836.1 46734
15901.2 21881.8
21576.9 3500.78
21894.4 26801.4
40588.7 47333.3
47923.1 39072.2
33060.9 9386.84
22120.9 8664.33
30455.9 42313.1
25560.6 2985.22
37655.3 15536.3
37036.8 37517
37319.5 6389.56
1442.25 8772.67
46611.3 38755.2
2937.14 44487.9
35898.5 36670
22240.9 43536.9
12384.5 22392.2
49954.6 15770.1
22812.1 41004.8
24085.8 8088.67
19051.8 26373.1
40129.6 46007.6
49239.8 40627.3
42002.2 18367.3
49933.1 35857.1
26246.8 18918.4
40196.9 15365
9816.8 9161.23
46531.4 44531.7
8075.02 22253.2
9256.05 37577.6
49169.3 33517
6332.85 9563.71
19622.1 8985.32
2472.73 42473.8
40589.1 31683.7
34905.1 11727.2
46222 36549.4
4707.11 44991.9
4563.6 14299
43087.9 40235.4
3440.45 7310.27
47965.9 35514.5
29063.2 49243.8
21361.7 40135.7
14406.6 31102.2
44225.2 24502
29112.5 2523.4
43859.4 17745.3
13674.7 18848.5
15150.8 27515.9
13309.7 25304.3
23872.7 48869.1
5518.16 20188.7
43942.3 35463.6
362.248 7538.83
20195.7 42715.8
5842.54 10295.4
13839.5 13004.4
12645 21154.1
12108.3 14398.2
44654.5 45362.7
12757.6 37673.1
14756.3 5697.44
40100.6 25357.7
32899.7 32268.8
45025.6 27716.9
27386 13014.5
47960.9 11550.5
43728.1 13749.5
16164.1 43763.2
44009.1 15949.2
511.883 3485.96
35712.9 40506.7
3375.76 12526.8
30190.3 3244.94
47310.4 13676.6
17612.3 30789.3
4063.18 4149.05
29304.3 10619.7
48274.4 14746.3
27787.4 6189.45
39424.5 19673.2
2316.27 11139.7
37745.6 37391.3
24766.3 27353.1
5753.69 17993.9
14354.2 26130.1
43718.2 18104.9
2367.26 11544.6
49636.6 31391.2
17504.3 21889.3
11524 18114.3
11972.1 8349.18
1256.44 37803.1
39115.1 47879.7
5856.39 11267.4
5262 42831
21969.1 1404.96
15415.3 33156.6
17940.3 27176.5
13616.5 28740.4
45527.5 30690.5
21600.6 46137.8
24778.5 13266.5
7123.45 1176.07
26487.4 48227
36336.3 37410.3
21487.8 7298.79
388.923 23013.2
32390 18225.3
32950 13225.1
4148.46 6742.01
10942.2 43444.6
22272.1 13519
35962.6 35423.7
11916.7 23474.4
7654.5 36026.6
24648.2 8085.64
26607.9 20001.2
27562.7 46669.3
32562 42163.7
21282.1 184.092
28098.3 45889.6
42795.6 35388.4
5735.08 8520.1
43218.9 16840.4
45388.9 39965.5
1185.38 37033.4
28043.5 34599.9
3256.23 40819.6
47321.8 34222
13831.6 10434.1
25990.3 49872.9
9713.64 15073.7
10228.9 30364.6
38770.5 38074
21359.7 30564.6
24721.4 9928.13
7838.21 29092.3
18710.1 7335.52
46550.1 38874.2
24234.5 36248.3
42930 42914.9
8962.24 1829.74
21025.1 41822.4
16867.2 9810.34
13666.3 8763.89
13171 39663.8
32574.1 47804.9
14849 4328.06
7735.61 14007.8
2311.07 19123.1
35196.3 40777
49920.1 13311.5
8396.31 5058.64
915.167 21826.5
36062.2 6727.6
43252.4 34694.1
49738.7 47590.9
496.207 16990.9
12563.3 8985.5
17532 30237.1
40112.5 31930.4
2906.38 15482.7
14213.2 29608.4
3697.16 16051.5
42015.4 19628.9
11312.6 24847.7
36640.6 44294.7
8406.99 6711.8
40943.4 33867.3
36203.8 47713.5
21371.5 45946.2
41961.9 33333.8
29440.8 3406.55
35850.7 12565.3
7002.62 39879.3
26267.8 46500.8
44635.6 12793.3
15813 39303.1
25025.6 44882.3
22254.8 11460.9
18392 49006.1
8492.3 9589.11
15890.6 30011.7
8019.31 44753.8
31072 11512.7
49568.5 39932.7
49076.6 44362
4175.85 16007.4
41333.6 45029.9
29294.2 10461.2
35858.2 13321.4
39441.3 37307.7
10367.1 8587.06
18811.6 49270.9
295.236 44.6397
38682.8 47524.5
481.034 1674.65
44883.9 33306.3
35274.3 13453.7
30985.8 31038
11254.2 5258.24
4812.41 30763.1
40362.7 40856.3
43661.6 46644.4
6261.48 19040.4
26821.6 47632.7
37793.7 36152.6
19317.2 20584.9
953.702 28957.4
6743 34891
14701.5 4608.34
44293.7 32014.2
36426.1 13905.6
5390.11 30507.5
25753 38346.3
14568.1 22632.5
7399.06 40634.2
18959.2 44407.2
28205.2 11141.9
23518.1 268.67
18267.8 37513.6
19853.2 23640.5
41643.6 48832.8
19233.1 2072.53
8405.53 4789.76
44845.3 32147.9
1999.75 19716.4
33314 3691.62
43645 21360
19112.5 49540.4
24109.8 24389.4
34848.7 49271.8
18532 27315.2
4318.78 33860.5
9958.76 11178.7
46671.3 3.15384
49538.2 41910.8
46566.6 33819.8
19448.9 15095.8
26479.4 42470.3
14904 22514.2
23881.8 49827.7
1099.76 13195.9
28601.5 46609
1148.19 45216.6
1059.05 22042.8
30648.2 3943.84
30288.4 8402.14
42528.6 16825
44760.8 27169.8
35333.5 8985.17
7424.55 46539.9
2066.93 48355.7
21912.5 6649.15
32406.8 12755.7
40194.7 25163.7
46153.9 11069.5
36109.8 37701.3
40010.2 36003.3
46848.8 35114.8
2627.96 18196
30890.4 41836.2
18387.6 23156.3
2855.25 35636.7
39543.6 43809.8
14925.1 36051.8
21025.9 46451.6
12515 39048.1
49164.9 38678.5
26022.2 44490.2
23993.9 8121.15
46110.9 34200.7
3819.65 13996
49989.5 20362.7
39139.5 16562
21770.1 3013.39
6727.13 24756.2
40631.4 48346
12035.4 10231.6
679.55 23449.4
25461 18732.1
3510.26 37551.9
46639.8 11257.9
6952.1 45129.5
46068.4 16079.3
110.193 43151.5
17774.7 30580.7
14132.5 21321.7
3222.01 3735.35
5367.38 26450.4
21115.1 2270.36
2859.52 27197.6
15222.1 48983
20976 12619.2
18740.5 31111
46508 43368.8
37983.8 8185.83
