17810.6 21840.4
26964.7 40601.8
34719.8 22410.1
13002.8 23878.7
9159.38 21309.9
15616.8 22773.6
20282.8 21126.7
17894.1 20827.8
1559.1 14453.5
16684.1 19011
30113.3 6928.37
10945.1 6588.7
30787.8 25265
32658.3 18372.6
9691.22 19787.5
1314.61 13144.6
21389.8 27549.4
9965.52 20478.9
9186.83 20235.5
39219.4 885.36
19237.8 24998.3
1788.99 15032.6
29892.2 6475.77
14694.5 26434.3
18161.8 25927.9
10690.8 23120.8
802.526 12619.6
16326.5 22770.4
38301.7 1589.38
20928.3 30174.3
44682 2960.81
774.679 9225.43
16376 19075.9
1887.87 13959.2
10265.8 6701.78
2030.35 13237.1
16664.5 24801.3
5887.51 25221.4
33264.4 18922.7
29173.3 17297
9947.54 21707.8
25402.8 20823.5
10920.8 8645.56
38788 410.175
38022 2256.18
2125.9 13184.1
11174.8 16328
38781.6 923.962
39441.5 199.323
11392.9 22892
9136.81 2752.72
37838.6 2351.57
34841.3 20739.4
11242.7 6522.09
31509.1 41100.4
24997.7 41263.4
30744 7625.78
16477.7 22574.5
2461.18 14144.2
21816 22261.5
9950.21 22214.1
17496.8 25027.5
18332.4 24977.7
17035 20753.8
8034.38 26747.3
40230.1 901.342
14039.9 22942.6
29607 40748
26855.2 46687.7
33843 36299.5
15810.7 23837.8
10733.5 19894.6
31583.4 40989.7
10877.8 7296.04
19630.5 25380.9
16724.2 24709.8
15846.4 22902
17024.7 19100.8
10443.5 21902.7
894.249 13027.2
20252.3 21559.9
10720.4 7692.18
15345.4 22096.6
2435.33 10634.8
8947.27 22221.3
