27497 2618.58
31897.3 3225.36
28401.8 22292
9787.84 27909.2
23623.3 13079.5
49910.4 36453.1
25212.7 4487.86
8713.02 37626.2
35507.5 41302.4
2406.83 6771.79
20320.3 39330.1
13091.3 41294.6
18905.1 44593
32221.9 13342.4
43823.9 2802.54
22650.4 19024.1
43581.5 16116.5
11374.8 6911.37
23573.3 38556.4
33498.9 29444.5
43164.3 38361.5
14902.7 17846.6
10527 38466.1
30051.2 15077.5
49745.6 19626.6
45501.6 38328.6
47937.1 40005.9
25946.2 49441.1
37622.4 9934.27
48156.1 48637.1
12453 45306.1
6757.73 26846.1
13530.9 30518.3
20163.7 24977.8
49992 1129.16
43856.2 24602.1
47659.6 16778.9
2524.94 34127.4
10110.8 44636.5
41554 11418.5
40384.6 16090.9
42611.6 7225.64
5993.62 18857.9
35451.3 11355.1
45559.4 43360.6
2289.73 39413.7
34159.4 8371.58
47957.3 43238.7
5594.22 4622.27
6974.07 37971.5
869.01 11488.8
38226.7 16243.7
17199.1 15963.2
33962.1 23889
14698.3 11934.9
747.971 41570.6
44236.1 23016.7
22636.9 22077.5
2542.68 35172.5
8715.21 28977.1
25842.4 13041
19578.2 27937.8
9178.59 38628.3
25620.4 31164.4
44746.2 31034.6
22395.7 21277.7
38147 14239.7
14442.9 9882.02
10402.9 41662.5
27999.2 42541.9
31288.6 49981
6554 41939.5
13151.7 1601.29
7396.08 45076.8
13861.4 26438.2
46438 27259
30191.1 45720.4
30393.5 31211.8
14583.5 5954.71
38880.6 2544.37
8466.87 26517.1
15724 13968.8
38524.1 43456.3
23099.8 27918
4788.96 33218.8
10618 2426.54
5126.81 14763.1
22476.7 12549.6
45119.8 41820.7
49142.1 28158.8
13154.2 45524.2
42093.8 1696.65
44156.7 1138.68
10551.7 19749.1
5727.13 509.323
24847.2 1148
42784.8 30618.8
30318.3 541.841
19151 47752.4
47134.6 3521.25
28604.2 38032.4
25482 45291.5
42851.7 49046.1
25776.8 45581.9
34540.7 49542.8
44475.6 22115.5
6211.79 1169.94
27566.1 32014.9
6489.43 41789.8
16426.2 40026.8
36694.4 49574.4
42672.7 5766.66
41850.2 2424.17
49520.5 44715
41922.9 42209
15198 25651.2
4785.48 34637.8
33321.9 46625.6
49365.9 27918
39801.8 6532.08
34665.8 36692.3
49369.1 5399.21
33019.3 23145.7
35919.4 24649.1
12690.8 19157.7
972.941 45972.9
704.977 38428
36697.9 14153.7
7132.94 23758.2
14010.8 28566
10937.4 968.936
25324.8 48360.1
19109.5 12701.4
48786.3 24928.9
44702.4 44970.8
39275.9 23791.2
17720.9 42137.6
20426.4 24177.2
22494.5 29.2416
26150.8 5798.31
42655.4 5217.48
4412.27 23102.2
43537.8 48510
31350.9 48209.5
30524.4 38779.4
38771 492.75
34002.4 16441.4
21952.8 14761.7
11316 16632.8
43300 47948.4
43436.9 14894.4
3080.83 21430.8
38232.7 15816.1
30544.1 18215.2
27576.3 43818.3
26887 12026.5
10696.1 34717.2
18181.5 25670.8
5945.27 45311.9
43341.4 27164
24857 38232.7
20076.6 6544.64
617.177 2983.83
29863.1 27349.6
19046.4 41768.7
29770.4 28708.8
41261.3 34124.9
16396.8 18143.9
8690.92 48882.1
49658.9 1684.16
13048.2 28766.9
16782.8 44407.2
31483.2 17304.6
36778.3 39747.7
39930.4 46352.4
36882 47539.8
46218.8 49732.4
40855.2 48401.5
38504.8 34922.7
35288.3 34988.1
52.0357 1304.09
1119.09 42039.2
18075.3 36764.1
6026.33 6598.67
13405 4010.35
30706.6 23688.3
29975.9 7841.34
25425.2 28895.1
8619.73 19629
16426.9 45290.8
14189.2 893.557
18206.6 39641.4
7048.73 2597.86
23033 18229.3
35065.1 21598.8
17246.3 11253.6
37403 22623.3
40675.1 3987.56
8455.78 44732.1
46231.3 33392.6
17589.9 44026.9
48692.8 42197
291.797 31670.9
6374.4 39891.4
44692.4 14352.2
42162.4 14969.1
47608.4 25435
31530.9 29143.5
22293 25852
17906.2 28837.3
47733.6 2419.07
24262.5 4279.41
26975.3 43929.5
42279.1 22316.7
9140.97 8445.07
34457.1 42518.1
22721.3 4227.55
12947.8 38258.7
8725.17 36633.8
11059.6 16983
15258.2 47455.2
34539.3 506.124
49378.5 41522.9
35138.4 38421.8
42167.4 2722.88
33639.9 9465.72
4341.48 46236.6
10596.6 29325.2
15180.6 21349.3
6608.51 37749.2
38140.2 726.558
37213 10087
2336.14 19544.4
36489.2 29645.2
41009.3 36381.1
13714.1 11839.3
14949 48783.9
783.903 23111.1
4528.38 33785.5
28952 3285.97
36224.7 34329.1
39168.9 4049.97
3035.35 38811.1
14953 12727.9
18601.9 37652.4
36727.9 41425.6
49652.8 18170.2
24739.1 49700.6
10057.5 37269.5
29277.2 49823.1
32171.1 12845.2
21786.9 4317.12
21626.9 7027.96
18852.8 35906.2
40868.7 25414.7
19347.7 34434.5
4884.71 34809.5
45814.9 44873.7
36036.8 25500.5
49973.8 27829.5
19842.7 16630
20149.7 18215.6
49558.9 45196
241.271 22284.6
14416.3 9476.6
24383.4 43235.6
10206.4 17887.6
17842 26026.1
46202.1 46930.4
4317.12 4834.21
4181.1 26638.8
9777.39 49057.1
16629.6 7809.16
47129.3 16246.7
25782.3 37204.6
41470 13576.2
47596.8 46226
33143.1 11841.4
30201.4 16244
210.112 9898.01
34615 20699.8
34767.2 22251.8
12779.3 41189
46689.7 10479.2
5914.49 48659.6
29989.9 42831.2
36808.4 1883.32
16183.6 41737.8
13557.8 25905.3
22475.4 26352.5
6150.5 49561.6
33024.5 21518.9
1879.56 40472.5
5362.21 32594.3
30791.2 49889.4
28692 16490.2
22914.1 8210.37
3733.84 1548.21
30089.2 49495.8
20385.6 36071.4
49600.2 27978.2
31010.4 31370
7728.78 27468.3
21699.2 45703.1
15489.2 47908.8
27130.3 3653.71
26643.4 8108.23
5955.95 31401.4
8854.97 34209.6
1844.16 16864.6
34888.2 12739.3
33471.8 24807.2
35265.1 2300.41
205.131 5914.64
37092.2 1568.85
22601.3 48953.6
49930.5 42401.1
30297.8 30929.7
4159.71 46108.5
6800.76 29650.7
38722.1 23218.3
31392.2 36879.6
39475.3 40720.4
38352.2 27256.7
48255.2 28723.4
27594.7 1313.05
35006 27658
25128.4 31686.9
305.7 23818.1
18876.3 49782.2
48656.2 20256.9
661.677 2107.9
18034 18175.8
22018.4 40469.3
35297.9 48189.7
48645 35123.3
35707.6 14391.9
6913.3 5658.98
46767.9 12585.4
15155.6 21645.9
27047.3 18057.6
32515.7 44332.8
677.33 41016.5
84.4027 5246.03
10401.3 10415
16719 10059.2
33964.8 48036.4
38150.4 27644.3
33340.4 42174.8
39792.5 38674.7
5336.26 3834.29
3076.32 49959
37214.8 21673.9
44253.5 29053.8
20804.4 30943.9
30750.3 49213.2
40278.8 3293.41
10175.6 17135.8
38954.1 20449.5
5710.03 48768.4
32679 9146.14
47018.8 30098.4
23804 26752.8
12117.5 35299.1
17746.6 29628.1
39800.5 35758.7
49672.3 5420.19
33731.4 19835.5
2757.1 1273.95
5828.24 48961.1
17625.3 42186
18824.5 14706.4
10193.4 1524.89
44597.8 49537.1
23900.7 17956.2
33714.7 39308.3
6449.11 25529.7
20684.8 13653.6
32316.6 4159.8
9400.06 19268.6
543.352 35914.3
17340.3 7671.44
30674.1 48871
47256.9 21274.2
16356.4 42363.7
1227.02 27175.6
27666.2 48231.6
46293.1 24932.8
357.534 7910.61
22695.8 39008.5
3176.55 14505.7
7485.22 16639.6
10917.3 1080.84
42473.3 31950.6
46000.6 5514.97
35045.4 29360.6
1864.48 18653.4
27883.3 34728.4
25044.5 13525.1
49610.7 1711.79
13097.9 34290.8
90.0391 30971.9
1258.08 17519.4
38268.6 9136.42
10696.3 21073.6
32306.3 33043.1
35221.3 15885.2
19088.6 33360
672.862 13349
47860.3 45003.3
28594.7 12251.1
7284.18 5539.41
43261.1 9984.72
24377.5 15201.3
38223 19640.7
3001.64 28868.9
17817.4 36123.8
14196 24222.1
38830.7 37877
28472.1 32366.4
38817 17114
47967.4 45423.7
21431.4 32401.6
23176.9 1694.92
4124.9 3500.6
21807.5 19076
1787.88 21570.2
4699.86 35282.8
34575.3 8987.12
1751.73 31121.3
25340.8 49741.7
18353.2 15833.6
76.547 1787.85
4553.26 41728.7
16757.1 49451
2024.93 26716
14858.8 49614
42431.1 37246
47595.1 49870
4017.67 32240.6
39716.8 290.798
37934.3 46085.8
12219.6 34033.2
18765 18926.9
8576.92 18756.5
11707.5 2770.45
6242.98 40907.8
36541.4 42705
28728.1 37872
5112.14 15300.1
37424.4 42751.5
10111.4 29204.1
22949 12308.1
5870.22 39193.7
26980.7 2912.94
40786.3 45101.4
49701 4395.16
4737.37 32176.4
6010.66 15185.5
31941 49254
31308.1 34740.4
35991.2 47347.5
32835.4 21615.5
33221.5 7557.78
10813.2 16437.1
1753.33 14558.4
47410.3 192.064
21840.7 5435.29
22253.9 24292.3
9430.82 31382.7
17613.2 36536.5
25939.5 21097.4
21145.3 8812.7
13568.3 30832.7
49206.5 39892.9
287.064 38479.3
3554.29 30537.6
45158.3 26962.7
35232 35977
3500.49 3762.4
38531.3 48916.4
43811.1 41065.2
49869.9 32510.3
48514.8 3174.08
27373.9 7226.15
36905.6 17342
49042.7 17599.7
21304.3 45427.7
12423.7 48553.3
6748.45 4130.49
36564.4 10598.4
36900.6 49970.5
43492.4 3917.35
39950.5 45258.4
10112.4 44422.2
6980.13 8152.7
28865.6 19018.2
27472.9 47162.4
27092.9 23902.3
2369.91 41503.5
45322 23444.8
46762.5 49723
17084.4 23272.7
1978.32 35227.1
44124.1 34965.2
7668.06 48978.3
36706.3 27240.4
40984.8 39487.6
7339.89 18493.7
3999.61 17401.7
803.434 16948.6
10140.7 7785.92
4000.31 23551.3
37307.3 3003.44
30645.2 45616.9
47885.7 49800.3
15001.4 9890.92
26429.8 39732.4
14405.6 13632.6
44292.8 11414.9
19853.2 30159.4
13384.9 48813.2
22074.5 9085.26
43568 45509.4
11120.4 2200.17
2034.79 44262.3
29809.2 48786
19100.6 4284.15
10964.2 49389.1
4270.57 6860.98
10745.6 1688.22
33397.9 9559.52
38916.6 14684.3
48063.2 30838
19939.2 23295.9
43084.5 8021.87
12753.2 39006
47761.3 12886.3
46142.6 37291.5
11503.3 7280.81
37189.3 8009.11
5525.88 35962.5
48669.7 47615.4
48847.4 46686.6
40651.1 9140
1913.78 38290.2
45043.7 20629.5
28473.2 5353.09
36.0143 43440.7
29733.3 47242.3
15462.3 31507.7
12371.7 30399.4
2787.85 42970.9
27753.2 49967.6
10897.9 33168.1
17913.3 48777.6
6542.9 39136.1
18253.8 8317.98
12521 5666.36
13407.4 39938.9
40680.7 37065.5
24573.6 14255.5
47937.5 9770.07
22243.2 28043.4
2575.4 46801.9
1325.94 18344.1
22252.6 35246.2
44817.6 43832.7
27923.7 17887.4
10074.7 48799
9583.12 48621.2
39373.8 38143.8
49812.9 16929.6
744.139 2351.6
32324.6 35675.2
15889.8 34736.3
16327 33517.6
7147.43 23721.6
14566 42734.4
35971.2 341.824
34059 495.265
483.618 40358.9
43407.1 28993
29596.6 7330.55
24334 26403.3
49514.6 38531.5
24767.8 13682.6
761.947 45629.7
49922.3 41228.7
14791.2 31931
10442.9 35491.9
20271.5 20408.3
5563.91 7720.41
19533.5 8767.77
18059.3 4414.81
18960.8 4210.62
17684.3 1646.12
8921.95 9841.8
16089 929.897
91.6204 22962.6
49233 13574.3
25907.8 4443.13
3686.04 42160.8
33677.2 23263.1
47895.4 32564.6
47030.5 17669.7
49980.3 16736.2
37745.9 32521.5
18168.9 12133.3
49125 43160.6
21589.9 18789
20955.6 35867.9
11915.8 48617.1
24922.4 44275.3
3051.01 25874.6
24898 10875.4
26620.7 20855.8
33427.1 45364
32952.5 4587.25
23508.3 40978.3
32885.8 49.691
47234 27771.3
8826.95 8268.89
652.903 11779.4
49667.6 42514.9
47237.7 48327.4
35134.5 22358.3
15435.4 14091.8
49325.7 26998.1
13150.4 38095.2
30839.4 8012.25
39572.1 47168
32504.6 33021
972.774 17373
28805 49282.2
1136.08 14306.2
8856.47 11543.8
24210.4 39849.2
13176.2 49984.2
17815.4 6486.06
7363.11 15706
11320.4 13071.4
48986.2 43322.2
12475.5 3278.64
45889 42154
29605.6 22121.6
187.901 37510.2
12121.4 11201.4
37909.6 28204.5
70.2059 47527
24421.2 20664.3
3916.12 36624.6
42366.3 48495.4
7634.5 40544.2
29832.1 46881.5
14194.7 49251.3
6129.83 38466.9
37762.5 43138.5
40275.8 17345.9
9493.49 2175.08
872.983 18191.6
30973.5 29648.7
292.574 14341.6
1604.94 5300.4
47037.9 10742.6
27494.7 22949
34439.3 49303.6
49625 37919.8
9141.33 17777.8
12928.9 4773.58
17217.5 5284.44
6123.51 4938.53
986.493 7286.8
23872.8 42327.1
28840.9 18136.1
14426.2 43302.2
36421.3 3131.3
7526.61 44681.4
49460.2 23173.5
48445.3 13821.2
13084.8 28795.9
31001.7 28180.5
19410.8 30718.8
23786.6 20611.9
27812.9 12549.3
11937 29314.2
15548.4 36463.3
41426.2 46152.1
5600 16713.1
26324.1 41863.2
15716.9 13014.2
41809.5 47386.8
49087.8 5375.52
37195.4 20225.9
47841.7 20017.5
41401.8 38107.1
36209.8 41635.7
585.889 35953.1
32087.1 44081.6
47563.2 34969.1
46740.5 21433.9
39643.9 44834.9
22235.6 2896.09
34658.7 48311.7
44002.5 4024.57
12638.2 17918.5
1039.29 23635.8
10913 4416.01
7342.67 38051
2472.46 39292.7
2329.78 19133.3
35614.1 44564.6
30309 24734.6
30799.5 39004.7
3585.89 36009.4
10891 32048
4696.09 31940.2
48317.3 19858.1
43889.4 18892.7
31800.6 49888.1
49024.4 19088.2
49262.5 41656.3
27481.3 44227.4
22896.3 48743.7
32828.3 17447.6
42466.2 48310.3
7676.05 37066.6
16332 46674.3
34927.9 11481
3571.35 14546.9
18325.2 8375.32
36441.1 27189.5
35128.2 41183.8
40012.4 10306.2
24269.8 10256.1
16014.9 36628.2
41002.8 8838.47
47653 37870.5
7797.09 29550.3
31983.5 46599.4
2191.41 2453.74
49451.4 6680.86
25765.1 29991.6
37696.4 3519.39
49991 43624.4
34105 14166.3
17769.7 4941.13
29882.5 9380.55
14994.8 39293.6
22519.3 31589
47869 14263.2
6191.74 39525.3
13019.3 19012.5
46419.2 40516.7
49869.2 47480.4
20619.7 46772.3
19193 35423.7
40515.1 5580.3
8192.56 26885.8
4050.21 33088.1
26919.3 37082
25004.8 26119.9
35329.1 38206.9
46032.7 28756.8
49325.9 14236.6
19673.5 10971.9
9809.92 3518.17
29414.3 38824.1
41039.7 43567.1
9848.33 7781.94
14426.5 46519.9
38761.8 36980.9
21637.8 27027.6
19362.3 44975
6843.55 535.128
22425.3 22575.7
23393.7 19267.5
21874.6 21998
16554.8 17060.8
3523.59 8883.77
18669.5 4504.76
40811 25628.1
26869.3 31060.8
771.532 18886
43151 1315.78
49235.1 31872.9
25274.1 27513.1
41156.9 41070
25746.6 38195.9
36719.8 29276.2
48557.6 11106.3
36133.4 46788.4
4266.14 30142.8
32304.2 39157.5
45576.2 6508.26
20943.8 44349.7
44173.3 40435.1
48250.1 31840.7
39155.4 4059.75
16957.7 17064.8
18419 23999.5
39622.8 46634.6
32065.3 47865.2
9327.11 42942.9
1356.12 14322.1
22792.7 7171.26
4714.31 18714.7
37321 28325.6
29036.7 47152.3
14706.7 855.836
24917.2 36122.5
40712.2 1019.56
4316.77 7375.01
26014 17075
22324.1 19309
38248.2 2147.54
31635.4 6779.43
40264.2 36477.5
31240.7 48639.5
41729.2 4919.87
26201 20704
35235.6 30793.5
39864.1 28158.5
18268.2 10764.7
28918.2 8094.66
12551.1 46592.5
27085.7 34105
44074.3 18286.4
36034.1 15736.4
2281.13 14826.9
36556.1 19428.7
22571.8 7373.92
13076.3 457.238
22061.5 11028.1
39144.7 32822.1
47457.4 5945.83
42859.2 49024.5
25877.8 26747.7
23504.4 14432.1
29029.3 18298.4
37979.1 44435
38509.7 44954.3
43491.5 5590.41
11450.9 11723.9
25244.8 32512.4
36230.6 6044.8
27098.5 12106.3
48028.8 35972.2
42019.5 89.5606
6119.36 738.705
49655.3 30392
6896.31 43248.9
37443.3 47661.9
17726.1 33396.6
1527.05 24700
45796.5 26061.8
18839.9 49496.1
34856 5403.34
14169.3 35555.7
49395.8 43903.4
42625.8 46582.6
47734.3 16281
49933.1 46957.1
32128.9 9505.09
47907.6 7380.3
16650.6 17908.2
46967.5 45654.1
12233.1 11961.5
53.7348 31370.5
48781.9 44610.3
9975.2 141.221
30695.1 8211.02
7896.8 40710.4
33630.1 39412.4
42615.8 3742.51
47308.5 44538.1
11231.5 36011.8
8360.02 3868.37
47953.8 30258.8
7640.66 286.153
48372.7 44725.1
17970 48856.4
29610.7 32708.4
3549.21 28794.4
34084.8 29016.8
38383.7 1841.5
34446 23627.4
21659.4 26559.2
4720.22 23719.5
24167.2 22996.4
15369.6 41734.2
1003.38 30329.1
39076.4 25487
10158.2 5506.9
41203.5 24927.1
28942.7 49549.7
41635.8 12528.6
2276.05 3064.93
23816.1 8138.47
17856.1 11353.3
14035.8 25329.5
45974.3 46729.4
6875.49 47086.4
7922.43 14444.4
48349.5 32785
32512.3 21175.6
45025.6 16616.9
26225.8 1975.32
38758.5 17757.5
48735.9 19866.8
26455.8 47921.3
49891.2 6535.91
10281 2702.59
46644.2 38579.2
9257.87 21940.1
39063.2 2248.56
40620.5 7216.27
28282.3 27729.8
11990.2 3412.56
21593.6 18604.4
44116.2 25038.1
22921.5 16166.1
32590.7 28420.1
5401.84 3949.48
37358.3 48484.5
29632.2 37329.7
48955.4 6466.62
8061.51 7136.44
13193.9 15090.9
43718.2 18104.9
7917.26 21157.4
42430.9 39044.8
9309.32 22175.4
3539.37 10403.6
23072.1 8349.18
4206.44 32693.5
34600.3 37739.4
3928.89 22198.8
1184.16 48273.5
31171.4 7612
18100.6 43926.8
14143.8 37607.1
12842.2 39813.3
49927.5 37290.5
32673.5 46912.1
34191.8 19148.6
15108.1 8886.78
19358.1 43518.2
30129.2 46612.6
21875.2 18392
6271.03 13599.9
32777.4 29318.6
21877 12450.8
2834.62 410.829
511.583 39648.2
29106 4772.04
24869.4 35036.3
7050.81 13497.8
6494.24 47065.8
34788.5 12600.4
28152.7 9009.26
18360.4 40462.3
23581.9 35639.2
30895 5734.09
17806.5 41731.5
46579.8 34444.9
15535.8 13731.2
41291.4 27771.8
34397 38420.7
2345.64 25994.2
21209.7 25853
5756.87 48839.4
48382.7 42217.2
21542.4 18418.8
17487.2 42737.9
14579.6 25050.3
1026.62 24157.5
45604.3 46820.9
13375.1 38275.4
16472.5 2500.78
14045.3 38294.6
8418.35 11493.7
48327.6 48078.6
13195.3 37408.5
44857.5 31983.5
9988.6 8297.86
31581.8 38392.3
7453.91 3928.24
21651 1053.19
2179.07 41208.7
23606.3 49593
22559.7 12312.7
1853.51 23421.1
8518.11 9920.81
29549.9 49756.8
49532.7 24404.8
19496.3 5058.64
7770.86 16470.2
35674.5 3952.77
35003.5 42121.5
42934.6 44404.4
4654.34 6699.11
43367.8 24703.6
12088.1 1594.68
25780.9 22809.8
29181.1 33857.9
3338.67 7928.7
9698.39 19468
11124.5 7802.59
47307.3 19273.8
3885.2 16598.8
47571.9 46222.2
4651.46 1904.94
34736.3 43069.6
27525.1 45930.4
11394.9 41080.3
48795.8 24586.9
29440.8 3406.55
33688.4 2392.6
1128.96 34241.9
17764.7 39365.9
44635.6 23893.3
15425.6 28209.9
20159.7 34905.7
15730.3 20441
9134.38 45329.6
18791.1 11036.5
24393.7 22876.7
2360.7 45547.6
42003.3 13440.2
43134.9 44731.5
40674 47302.4
13378.2 22214.4
32830.5 37894.9
18255 9300.89
40237.6 29402.1
29024.3 22068.3
37133.4 26450.2
14525.3 18878.8
16055.9 40386.2
11395.2 44.6397
35789.2 43820.9
9916.05 2275.02
40017.9 23329.7
24342.9 11526.2
39488.9 38172.9
396.76 7566.06
15243 26966.7
40362.7 40856.3
41734.1 35713
3576.15 29810.7
15782.4 46472.4
39338.5 47144.6
12792.8 11604.8
6333.77 20678.8
11954.1 25090.3
21841 1320.89
45336.6 32063.4
47196.4 16590.9
3948.43 31408.4
15952.3 33135.1
24368.8 17421.4
18169.3 43319.5
29250.9 40249.1
30132.7 22073.3
32326.4 3827.43
7976.1 33355.5
30845.2 25185.4
41643.6 48832.8
22901.7 5615.29
8496.22 6086.6
45119.3 32025.9
8452.34 17901.4
39521.1 12893.9
47075.1 10803.3
9015 46290.8
34401.5 20231.3
26960.6 43044.6
26780.9 19887.9
44681.7 19038.5
891.638 40306
4076.66 1765.4
46073.1 8043.19
42829.2 49273.5
37943.8 37303.6
28651.3 8888.8
26479.4 42470.3
4927.34 27380.1
23881.8 49827.7
10302.1 6988.88
26992.4 44564.3
4207.77 34546.6
2219.31 11003.6
31487 5187.39
40089.2 13613.3
31758.3 19510.3
49543.5 33318.4
44946.4 14535.2
18094.6 43480.3
486.488 41120.2
28523.8 1670.2
42698.6 16913.8
32484 33148.4
43609.1 11949.2
29902.7 46903.6
40010.2 47103.3
38599.9 27687.4
4492.04 15974.4
25554 49171.3
10960.2 14907.3
4880.55 28121.5
39497 45634
10766.9 25760
13174.8 46078
23446.4 37120.6
49164.9 38678.5
26048.3 45217.8
32497 15256.1
46579.3 33680.5
3779.31 6114.47
39132 22670.6
42569.5 27118.8
23856.7 6427.49
948.958 19234.2
39292.6 41347.6
15060.7 164.406
11110.1 19653
31668.1 27934.4
7306.68 27121.3
38136.7 18392.9
5840.82 45006.7
46174.1 23902.9
10313 39913.9
6674.7 30580.7
15677.4 10329.7
11053.6 1359.2
15798 22654
31255.5 6785.13
5544.85 16427.4
10707.4 38842.7
32069.2 13006.6
29840.5 31111
38167.7 49453.3
47186.1 1978.79
