35510.4 14068.8
37955.1 49901.6
10232 48981.9
11092.4 20875.6
29666.4 18342.3
7911.66 4856.28
6165.23 36288.6
32443.4 24424.5
35724.8 40215.1
11555.6 10929.9
19932.3 25674.9
23234.1 36980.9
36405.9 21821.9
22254.3 6402.19
39630.1 30854.8
33031.6 9112.77
13887.5 48613.8
39861.9 16661
24117 34920
20593.2 43121.7
44049.5 24906.1
36318.5 23946.7
14129.1 31683.1
18477.4 17343.5
21170.3 48028.4
9567.03 21359.1
30251.2 23593.6
36695.2 31928.1
37173.6 8416.78
46754.5 9064.11
20550 27734.5
4528.97 13038
26775.1 48455.7
42129.7 15295.9
32229.3 11672.8
34909.8 47893.4
15744.2 28316.7
30675.2 40434.1
4402.31 35943.1
23864.6 2391.07
31731.5 31463.1
10867.4 21546.2
38828.8 39012.2
49131.2 40289.8
8912.96 21656.8
498.913 37833.2
47548.8 207.724
2230.48 36389.7
45535.1 40775.2
35940.4 8541.96
35719 35729.3
14139.7 18825.2
7477.96 15109.3
41671.6 25071.7
26147.9 20764.1
17647.9 1817.24
17006.8 43460.1
34368.2 49403.8
21056.7 39043
7033.92 4364.78
36901.8 21798.2
39456 42770.9
44302.5 12508.7
22763.3 154.796
43422.2 46336.2
32876.6 42373.1
2280.6 9573.78
11591.7 44288.8
37834.9 1561.65
49963.1 12346.2
31533.7 32627.4
9323.38 21997.2
4921.5 31504.7
7623.42 10907.9
39950.8 29580.4
8117.07 48396.8
9377.82 45726.1
36411.4 25585.8
17961.5 48076.9
30336 41696.1
13197 31151.3
35650.1 20890.6
13943.3 46152.5
48208.5 11779.6
47268 9469.01
46248.7 30619.3
39923.2 31128.2
34301.9 12210.3
27551.9 36781.8
44899.7 49097.6
10530.5 8397.34
30049.5 11817.7
43530.6 13094
5029.18 31836.6
48900.4 36666
47665.7 25065.5
369.268 45042.3
35607.8 19827.4
7109.13 43512.4
10721.9 3677.42
34732.1 1606.87
39334.2 9910.53
1156.33 8437.67
23738.8 31697.3
27439.1 1157.41
33892.6 45281.6
5053.04 26488.5
36407.7 42702.8
39133.3 15047.4
4861.3 5876.51
44944.8 10730
31456.2 30855.4
17174 32.9787
11554.5 7059
33961.1 18695.6
46721.2 34912.2
13921.5 46084.9
11326 49648.4
16116.7 11129.7
32754 40215.4
5989.94 25507.3
4967.25 7973.35
19251.7 41748
46698.8 10824.7
30606 13205.6
11869.7 21559.3
25986.3 41970.1
18272.7 17779.8
21453.3 20878
10142 23996.5
21167.1 3542.03
41879.5 24825.4
34091 30302.7
4673.59 3035.05
25418.7 35609.2
47225 18885
42726.6 9171.1
7707.55 26052
17265.4 32716.7
6948.61 46053.6
17586.1 48808.9
30645.2 19882.9
15629.8 7510.28
9773.28 18298.5
46431.8 1565.49
2026.3 15204.8
2444.74 46615.6
29882.8 8424.61
9600.85 41025.7
2042.83 25180.4
28467 13085.9
13804.4 23235.4
6647.68 17459.6
1314.35 46981.9
12364.7 44330.7
3200.86 28757.1
47612.6 36386.8
28019.8 10949
31814.5 19977.4
46646.9 42864.4
14155.9 43222
30645.1 1630.21
12551.2 20092.7
3839.36 37694
9633.27 38563.1
24800.6 30368.7
23866.8 9339.02
49170.3 14291
4029.18 21874.3
28085.5 49847.6
24142.7 42871.9
44754.6 1147.7
19190.3 17224.5
32887.1 11775.3
8982.51 22649.8
11798.3 35493.6
41446.2 40809.2
44401 36155
2891.41 9401.87
42898.1 41670.5
43376.6 46187.4
45255.1 16850.6
29412.6 10491.3
12466.3 43338.3
713.673 40297.1
27811.4 31561.1
47081.8 38979.3
26742.4 30019.3
9668.08 32340.1
19408.1 10763.1
16216.8 36201.4
32803.1 15481.1
47500.1 265.199
40186.1 38621.3
32272.3 11124.2
40305.5 26360.4
8663.29 37064
5176.16 37556.3
38153.2 16058.5
34407.7 34761.2
23449.6 37253.7
43948.9 47043.2
569.507 8644.59
3001.9 6630.97
27505.9 19796.2
42381.7 34233.7
16597 6270.94
14955.4 8276.95
22747.9 8775.06
10422.9 37039.2
36918 28272.5
43827.3 6265.63
5528.29 6581.59
23883.4 34013.8
38985.1 4921.22
30524.3 42888.5
40296 36179.7
11594.9 40256.4
5659.81 17514.6
40534.2 19000.1
16058.7 29369.2
6826.83 27520
22205.9 18165.2
965.65 1697.2
27377.3 45619.1
