10400.3 21620.4
33213.9 41047.5
18795.4 22014
25994.4 40359.9
34719.8 22410.1
13002.8 23878.7
9159.38 21309.9
30770.4 26007.8
29410.5 8913.52
6547.23 6622.44
9392.5 21985.2
10349.3 3653.96
15898.5 21721.1
15616.8 22773.6
21210 20752.1
18703.1 20240.1
1559.1 14453.5
17635.2 18702
30113.3 6928.37
10945.1 6588.7
30093.2 25984.3
32658.3 18372.6
9691.22 19787.5
31382.7 7481.51
31881 24916.9
1314.61 13144.6
21731.8 28489.1
9965.52 20478.9
9186.83 20235.5
39219.4 885.36
41292.9 1513.18
19237.8 24998.3
30996.8 13684.9
1788.99 15032.6
29892.2 6475.77
15389.1 27153.7
19009.9 26457.8
10690.8 23120.8
19449.2 23907.9
1335.03 9059.64
802.526 12619.6
6240.99 7408.11
16326.5 22770.4
38301.7 1589.38
21366.7 31073.1
45564.9 3430.29
982.591 8247.28
17205.1 18516.7
1887.87 13959.2
10265.8 6701.78
33153.4 40295.9
10690.1 1646.04
2030.35 13237.1
16664.5 24801.3
5058.47 25780.6
33264.4 18922.7
28274.5 16858.6
9947.54 21707.8
26387.6 20649.8
10920.8 8645.56
22576.8 21826.6
38733.9 22631.7
38788 410.175
38022 2256.18
2125.9 13184.1
11581.5 15414.5
38781.6 923.962
15110.3 358.744
39441.5 199.323
31860.1 20145.5
11392.9 22892
9136.81 2752.72
37838.6 2351.57
12501.7 23271
33750 41593.5
34841.3 20739.4
11242.7 6522.09
31509.1 41100.4
23998.3 41298.3
30744 7625.78
10282.8 3275.67
16477.7 22574.5
30559.8 19998.1
2461.18 14144.2
22815.4 22226.6
9950.21 22214.1
17496.8 25027.5
32836.4 41288.9
18332.4 24977.7
18959.1 25927.4
17035 20753.8
32709.4 19020.5
1938.54 10856.9
7692.36 27687
42236.2 354.588
40230.1 901.342
14039.9 22942.6
19387.6 27294.4
29607 40748
26385.8 47570.6
21850.7 22715.3
34458.7 35511.5
15810.7 23837.8
10733.5 19894.6
31583.4 40989.7
10877.8 7296.04
22953.3 21615.9
39278.6 3462.47
4788.37 4783.99
19630.5 25380.9
16724.2 24709.8
15846.4 22902
17024.7 19100.8
10443.5 21902.7
17189.9 19971
894.249 13027.2
20252.3 21559.9
10720.4 7692.18
1032.22 11073.9
12378.4 22275.8
1710.54 10675
15345.4 22096.6
3023.12 9825.83
8947.27 22221.3
