23908.7 11497.8
39306.3 13994.1
11226.5 12282.9
14404.9 28204.9
18223.4 28592.2
26622.4 49415.2
1377.72 9778
14767.2 49051.2
18070.4 44128.7
19502.8 47353.3
36895.4 44246.1
43668.6 47918.3
45196.7 49151.9
16204.3 8106.48
18955.7 47510.4
30201.3 2261.85
46548.6 11892
42568.5 46873.5
8463.6 10231.8
15301.4 48946.8
13384.6 5916.5
29063.7 9113.23
28524 8947.89
27011.7 5929.18
19410.6 944.597
29018.1 12452
20739 46703.7
1573.58 3508.49
44933.3 39764.2
3553.5 11395.3
26769.1 2531.25
48107.1 37468.2
16885.3 26787.1
7632.52 6539.87
18650.8 29401.2
7972.9 13821.6
29019.8 12612.2
32820.2 5904.53
23804 11160.8
19794.7 45424.4
19418.9 44629.5
19513.9 7657.84
15874.1 30605.5
17628.2 28589.8
24530.5 46442.4
47235.1 35813.3
8451.72 21350.8
1720.98 6405.54
37087.9 11382.6
14143.2 6061.54
17450.9 12494.8
12096.1 11510
18538.9 47268.3
41849 12450.1
41202 49221.8
48069.5 39035.4
40748.3 47754.3
23910.8 8687.82
19413.7 3627.22
5438.94 10889.8
17119.5 29298.4
29500.1 3703.96
27665.1 8781.6
2671.19 8683.56
21237.5 19532
45092.8 48432.4
15682.8 49530.5
17473.3 1437.45
42837 48148.9
13888.5 47209.4
12660.1 28371.1
982.647 7127.63
15972.1 46180.3
21972.3 5979.85
18434.2 156.742
19772.7 6276.03
47279.2 37498.9
27039.8 4958.99
30713.9 43614.5
23351.7 9146.78
22992.8 9990.37
48067.1 41396.1
8684.34 13847.9
26005.4 46561.1
16773.4 26199
15993.7 45775.7
37932.4 11318.7
12104.1 27511.1
16231.7 47412.1
45151.6 46309
28213.8 2798.5
37489.2 10780.4
19003.6 1736.98
10710.9 10592.1
27621.1 3452.84
17664.5 29364.8
46156.1 35847.2
45646.1 48074.4
49689.6 36769.9
18385.2 2607.36
860.602 7927.81
34438.3 3885.54
6603.84 11745.9
8730.32 11416.3
20727.9 9130.35
17530.5 8202.68
22897.7 6831.75
26647.9 2301.82
43535.7 46881.8
15776.3 46859
20287.9 45734.8
46597.1 49088
45940.4 42356.5
1875.65 11454.1
17836.4 27054.2
20327.5 6245.86
24646.9 4744.21
17597.7 47722.7
13591.8 13030.5
11749.3 44800.2
12610.1 28150.3
899.805 6463.21
40408 8628.37
9408.72 13564.7
19784.2 25076.2
23427.1 29914.5
19971.8 8767.28
15571.3 4706.54
46596.8 43757.3
20875.3 8987.12
7076.55 10587.8
5102.02 12239.4
46004.3 48459.8
24288.5 7602.1
633.266 5836.78
21286.1 11426.9
22296.3 49968.4
31381.4 8480.21
29172 5396.82
13891.1 49297.5
17015.6 8288.6
25995.3 45618
36962 9957.45
15356.4 28048.9
20130 46238.3
23330.5 10771.6
11358.2 41693.2
23043.5 9460.63
46959.7 46399.3
22862.4 6620.78
49206.5 39892.9
23490.2 7082.51
27679.5 2255.34
48821.3 43503.7
7766.09 7973.06
28865.6 2018.19
16700.8 26727.1
44549.7 38986.6
47479.8 47982.9
14405.6 26232.6
18916.2 4219.58
26413.1 47939.3
5807.55 7598.48
4455.78 5510.34
23897.1 5329.46
26472.3 2127.26
24058.8 46662.5
45293.8 40032.9
30054.1 336.679
15749.5 41789.1
13783.5 49691.8
2968.37 7350.75
41408.1 11889.6
14485.6 177.894
42492 11670.9
4171.47 12114.5
21570.8 2578.44
2085.53 9814.11
28533.5 9888.07
19172.7 1343.8
44429.2 46209.2
7122.06 1584.92
19263.9 7720.41
5841.87 8289.65
9615.06 17074
28314.7 3978.11
7791.62 49962.6
18342.7 24604.6
15471.6 14222.8
29506.4 2620.08
9145.08 16122
27017.4 11086.5
17458.4 48757.8
29436.6 5136.11
25599.8 46001.4
47995.9 38779
17354.7 45128
14194.7 49251.3
14565.8 49543.1
16241.8 38564.8
21111.8 26668.7
19495.1 5272.75
20809.1 48289.1
22101.8 47251.4
23043.2 1060.99
41035.3 43910.9
10978.4 10183.4
20234.1 23589.5
46400.4 42797
20509.7 25888.4
37032.7 11672
46508.6 43083.1
25618.9 11778.9
44400.6 38075.9
46442.6 41219.9
29704.3 17910.2
27917.7 10466.2
1332.95 5254.16
21253.7 48145
41236.4 11711.8
38851.9 12842.4
13976 47978.5
29575.9 1415.37
45140.3 39163
47224.6 47615.5
27535 8552.66
20615.3 49769.2
11255.1 11206.4
3087.05 7156.98
5200.38 5820.06
4504.95 10466.9
18938.8 45949.4
20946.6 47901.1
28821.7 374.072
5098.36 8401.88
12720.9 5960.76
23767.9 46190.9
49398.3 44857.5
28071.2 8761.73
12534.6 6376.17
26297.3 22880.8
45974.7 46420.6
38343.8 14212
28341.9 7204.28
19514.5 3264.43
8029.68 11541.2
47046.6 6163.8
30008.4 3939.16
2769.21 13730.7
13686.1 8783.59
8369.86 10550
44082.8 46066
21507.4 3106.85
48262.3 38860.2
29584 10652.3
25677.6 7644.47
47696.2 42999.6
37319.5 10089.6
4191.89 11248.5
46474.5 39131.1
21563 8717.67
19051.8 26373.1
44855.2 44575.2
19731.5 26473.2
48131.2 11667.5
6332.85 9563.71
45851.1 36399.5
3503.34 17212
3182.36 11001.3
24626 31399.1
49562.5 46757.7
37421.5 35621.8
26396.3 48506.4
46046.5 39777.8
6172.61 6514.3
7086.1 11134.2
11465.8 10754.4
17711.4 1914.99
22488.1 9499.28
41228.8 13032.8
910.908 3458.06
249.239 7523.29
11434.1 21867.1
32250.9 3419.01
28927.1 3852.59
3536.89 13435.4
16831.5 49700.2
2167.26 11198.1
33173.2 14342.9
7172.06 8349.18
5925.85 10873.5
21637.4 1181.28
18453.3 25766.9
13797.9 26146.7
19006.9 45956.4
4679.76 707.451
26811 47991.9
21473.9 6899.04
24755.7 48472.3
5014.39 3503.73
26246 22575.9
1496.94 6266.64
45785.1 40021.1
13006.2 48934.2
2658.24 6349.4
8573.88 12736.8
21120.8 6361.55
9091.37 5527.49
11796 10570
8530.49 12735.7
4696.31 5058.64
36513.7 9288.1
47460.8 44675.2
10007.7 8760.63
43728.6 16325.9
29440.8 3406.55
26165.4 47219.2
23136.4 10247.4
19612.6 46710.4
8492.3 9589.11
28511.5 11061.2
49411.7 38440.9
43465.3 46185.2
43325.4 46701.1
37458.9 11272.6
18701.4 48886.4
603.56 3663.36
47470.2 38609.2
12830.6 15803.9
43968.4 47808.8
46678.8 49472.7
16548.5 45381.2
27968.6 2066.78
21894.6 4642.77
8510.17 6286.11
20378 46063.5
15445.3 12934.6
10753.6 12450.8
48950.4 42719.8
36205.4 12124.8
23881.8 49827.7
1403.99 18760.9
27021.5 6665.1
24681.4 2835.17
27956.4 10957.5
47963.5 36118.5
19391.3 24271
49164.9 38678.5
7271.11 8448.51
27866 1929.56
23620.1 6217.69
42285.9 13124.1
13311.4 27164.3
11575.6 41429
16948.5 49418.5
49035.9 41247.6
