26126.7 2008.48
30855.3 4304.37
27791.7 20921.7
9475.98 26442
22544.3 12037.5
49910.4 34953.1
26456.2 5326.65
7499.5 38507.9
36721 42184
3678.9 7566.66
19616.1 38005.6
13653.2 39903.9
20177.2 45387.9
33677.3 13705.3
42368.5 2439.66
24150.4 19024.1
44763.5 15193
9932.95 7324.82
22609.2 39705.5
32150.7 28786.9
43868.5 37037.1
13788 18850.3
9156.73 39076.2
31550.3 15129.9
49680.8 18488.3
46159.2 36980.4
46612.6 40710.1
26360.8 49720.7
39089.6 9622.41
49305.1 49601.3
13334.7 46519.6
8056.77 27596.1
14829.9 31268.3
21242.7 26019.8
48776.6 1183.02
44513.8 25950.3
2111.48 35569.3
11537.4 45100
42435.7 12632
41794.1 15577.9
41339.5 6430.76
7237.18 18019.1
34701.3 10056.1
45768.1 41875.2
1366.23 40595.7
35201.4 9450.59
49200.8 42400
4890.02 3297.85
7678.28 39296
2239.33 10878.7
39305.7 17285.6
18498.2 15213.2
33449.1 22479.5
16046.5 11277.3
539.211 43056
43873.2 21561.2
21151.5 22286.2
2282.21 36649.7
8558.41 30468.9
25138.2 11716.6
18968.1 29308.1
8568.49 37258
25308.5 32631.6
43996.2 29735.6
20940.2 21640.6
39614.3 13927.8
15920.1 10142.5
11751 42320
27535.6 41115.3
32788.6 49981
5310.44 42778.3
11666.3 1392.53
6047.89 45734.4
14784.9 27620.2
46951 25849.5
31581.9 45158.5
31892.6 31159.4
13192.7 6516.62
37532.5 1886.81
8003.34 25090.5
16766 12889.7
39796.2 42661.4
23360.2 29395.2
6113.38 32514.6
9539.01 3468.53
6625.89 14710.8
22529.1 14048.7
46084 40671.6
49937 26886.7
13517.1 46979.6
40608.4 1905.41
42671.3 929.916
11515.9 20898.1
5663.38 723.649
24471 114.337
43863.9 29576.8
29152.1 195.554
19151 47752.4
45708 3057.72
27455.1 38996.6
26872.7 44729.6
44150.7 49796.1
25414 44126.5
33114.2 49079.3
45357.2 20902
7559.98 1827.5
29065.2 31962.5
5525.25 42938.8
16583 38535
35422.4 48779.5
42159.6 7176.2
41011.4 1180.62
48043.3 44454.5
43378.4 41846.1
14316.3 24437.7
3743.49 35716.8
34594 47420.5
48527.1 29161.6
40010.6 8017.48
36162.1 36587.6
49212.3 6890.99
31775.7 23984.5
37101.4 23725.6
12033.2 20505.9
610.058 47428.4
462.271 38604.4
38175.1 13893.3
7132.94 23758.2
13129.1 27352.5
9638.41 1718.94
26649.3 47655.9
17810.4 13451.4
49046.8 23451.7
46201.5 44918.5
39015.4 22314
16839.2 40924.1
20426.4 24177.2
22494.5 1529.24
24968.8 4874.81
42915.8 6694.69
3041.95 23712.3
44993.3 48872.9
32500 49173.7
29069 39142.2
39332.9 1883.53
35081.4 15399.4
23067.5 13758
10072.5 17471.6
44599.1 47198.4
44878.8 14480.9
2423.28 22779
36777.3 16179
30544.1 18215.2
26918.8 42470.1
25388 11974.2
11491 35989.3
18442 24193.6
4459.86 45520.6
44264.9 25982
26353.4 38128.1
21486.2 7057.67
2007.95 3545.74
30473.2 25979.3
19841.3 43040.8
30652.1 27495.3
42410.4 33160.7
14911.4 18352.7
10187.3 48777.5
49336.6 748.144
14261.8 29648.6
17392.9 43036.9
32982.2 17252.3
38050.4 40542.6
40242.3 44885.2
37885.7 46425.1
47715.2 49837
42154.2 49151.5
38816.6 36389.9
33918 35598.3
1430.77 1547.2
15.8719 42901.1
18232.1 38255.9
5464.42 7989.45
14775.4 4620.46
31588.3 24901.8
29137.1 6597.78
26851.8 29358.6
8106.7 18219.4
17609 46214.3
12890.2 143.557
18049.8 38149.7
6391.18 3946.05
23643.1 16859
34315.1 20299.7
15769.1 10993.1
37246.2 24115.1
39233.2 3574.1
9337.45 45945.7
46841.4 32022.3
18960.2 43416.8
49442.8 40898
893.333 31580.6
7416.39 40970.4
46016.8 13648
42214.8 16468.2
32534.6 28028.8
21454.2 24608.4
16464.3 28423.9
47785.9 3918.16
23899.6 2823.97
27770.2 42657.4
43073.9 21044.6
7958.95 9368.56
35421.2 43667.1
21642.3 5269.53
13104.6 39750.5
8725.17 36633.8
11268.3 18468.4
13831.6 46991.7
33555 204.17
47879.4 41470.6
35700.3 37031
41463.2 4047.3
32716.4 8283.71
5383.46 47315.7
10701.3 27828.9
16104 22531.4
7723.23 38752.9
36713.6 1190.08
35771.1 10500.4
3745.68 19031.4
37193.4 28320.8
41009.3 36381.1
14276 10448.5
16028.1 49825.9
575.143 24596.5
5710.4 34709
27680 2491.09
37666.6 34742.6
38511.3 2701.77
3917.03 37597.5
13874 13769.8
17897.7 38976.8
38137.5 40912.5
49705.2 16671.1
25874.5 49805
8687.21 37879.6
30173.5 49000.6
31129.1 13924.2
21475.1 2849.89
20236.1 7589.87
17482.5 36516.3
39826.7 24335.7
20789.6 34848
4989.35 33313.2
45971.7 43381.9
37218.8 24577
49765 29314.9
18387.3 16267.2
18672.5 18476
49611.3 43696.9
992.121 23056.7
14416.3 9476.6
25041 44583.8
9843.54 16432.1
16400.1 25612.7
46906.3 45605.9
4974.68 6182.4
5680.18 26586.4
10817.8 49993.8
16166 6382.58
45630.2 16299.1
24778.6 36089.9
40505.8 12427.1
47544.5 44726.9
32831.2 10374.2
31610.9 16757.1
590.696 10450.4
35657 21778.9
33972.4 20979.7
13618.1 42432.5
45197.9 10636
6796.17 49873.2
31203.5 43712.9
36599.6 397.923
15770.1 40295.9
12807.8 27204.3
23774.4 27102.5
7649.59 49613.9
31842.5 20595.4
1567.69 41939.7
5309.86 34093.4
32246.7 49526.6
28639.6 14991.1
24391.3 8470.84
3786.19 3047.3
31118.6 49476.8
21224.4 37315
49535.9 28054.8
31849.2 30126.4
8142.23 26026.4
20202.9 45807.7
13997.4 47752
25916.8 4535.39
26130.4 6698.69
4876.94 32443.4
10179.4 33505.4
1139.95 18189
34731.4 11247.5
34436 23658.1
35212.7 801.322
1575.45 6524.75
35615 1308.38
23750.4 47989.5
48539.7 41839.2
28927.5 30319.6
4863.92 47432.9
5721.75 30692.7
37295.5 23681.8
32888.5 36774.9
40439.5 41869.4
39501.2 28220.9
49178.7 27541.4
26109.3 1521.81
36120.7 28661.7
26310.4 32610.4
358.049 22319
20375.4 49834.6
49698.1 19177.9
557.042 3604.25
16820.5 17294.1
23097.5 41511.3
36783.3 48398.5
49526.7 33909.7
34222.2 14183.2
8261.49 6316.54
15765.7 20275.6
26005.3 16978.6
31473.7 43253.8
1681.03 42131.2
1583.49 5298.38
8959.44 10828.5
17901 9135.66
34276.7 49503.6
38098.1 29143.4
33998 43522.9
41183.2 38112.7
6175.05 5077.85
4576.32 49959
38539.3 22378.1
43596 27705.6
20752 32442.9
31454.6 47888.8
39716.9 4684.18
8679.29 17240.5
40344.8 19887.6
7195.43 48977.2
31252.4 8682.61
47018.8 30098.4
25128.4 27457
13196.5 34257.1
18990.1 30466.9
39800.5 35758.7
48593.2 4378.2
34144.9 18393.6
2600.31 2765.73
6831.94 47846.4
18774.4 43150.2
17339.1 14915.1
8949.82 686.101
45724.7 49710.5
23537.8 16500.8
35170.1 39671.2
5985.58 24103.1
20372.9 15120.8
31903.2 2717.91
10364.2 18119.6
438.718 37410.6
15970 8281.54
31946.2 49665.9
47769.9 19864.6
16668.2 43830.9
2376.09 26211.5
29133.4 48543.4
44883.5 24419.8
252.899 9406.95
24122.4 39472
1785.78 15067.6
8095.33 18009.9
9425.51 924.045
41863.2 33320.9
47299.6 4764.97
34581.9 27934.1
620.919 19492.2
26919.1 33579.3
26486.3 13938.5
49247.8 3167.23
13358.4 32813.6
90.0391 32471.9
463.203 18791.5
37189.6 8094.43
10696.3 21073.6
31124.2 33966.6
33811.8 15372.2
17973.9 32356.3
110.952 14739.8
48323.8 43576.7
27203.9 11689.2
8583.22 6289.41
44702.9 9571.26
23413.3 14052.3
2689.77 30336.1
19294.6 35863.3
14456.5 25699.3
39872.6 36798
27081.3 31804.5
38817 17114
49337.7 44813.6
22546.1 33405.3
21852.5 990.714
4020.26 4996.95
23292.9 18867.3
1324.36 22996.8
4236.33 36709.4
33075.3 8987.12
3076.15 31825.5
26808 49429.8
17471.6 17047.1
76.547 3287.85
3714.47 42972.3
18224.3 49762.8
2336.8 25248.8
14624.1 49172.6
43703.2 36451.1
48249.4 49113.8
2975.68 33319.6
38217.8 238.449
38246.2 47553
12219.6 32533.2
19422.6 17578.7
9138.83 20147.3
10265.6 2357
4872.67 41517.9
35883.9 41356.8
28023.9 39196.5
5674.05 16690.9
37163.9 41274.3
9361.38 30503.1
23952.7 11193.4
6793.71 40375.7
25632.5 2255.39
39287.2 45153.8
49112.2 4547.85
5299.28 33567.1
6892.33 16399
32645.2 47929.6
32231.6 35922.4
34494.9 47242.8
34048.9 20733.8
31794.9 8021.31
10063.2 17736.1
674.32 15600.3
47410.3 1692.06
21377.2 4008.7
20954.9 23542.3
8773.27 32730.9
18961.4 37194
25627.6 19630.1
20103.3 7733.69
13104.8 32259.3
49206.5 39892.9
234.715 39978.4
4736.31 31461.1
45815.9 25614.5
36717.4 35768.2
2001.4 3814.75
38791.8 47439.2
44515.3 39740.7
49327.1 31670.4
47072.9 2760.63
27886.9 8635.69
36748.8 15850.2
21408.9 43931.3
13427.4 49668
8225.66 4390.97
37359.2 11870.5
37303.8 49023.2
42000.6 3760.55
40992.4 46337.4
10769.9 45770.4
5570.6 8665.73
28865.6 17518.2
28514.9 46083.4
27353.3 25379.5
3164.79 42775.6
44664.4 24793
48254.3 49879.8
18475.1 22710.8
3277.36 34477.1
9109.95 49391.7
37410.5 25916
42470.2 39278.8
8730.66 17931.7
3295.4 18726.1
389.978 18390.5
11412.8 8580.8
4209.07 25036.7
38806.4 2951.09
32130.6 45825.7
48603.6 48997.4
13757.8 10729.7
27778 40390
14405.6 15132.6
21177.7 29455.2
14684 49563.2
21279.6 7813.19
42863.8 44184.9
9876.85 3038.96
3476.68 43848.8
31264.6 49148.9
17645.2 4647.03
11956.5 49513.2
2971.53 7610.98
9354.79 1126.31
32027.6 8949.41
37952.4 13535.3
47313.2 32137
20820.9 24509.4
44409 7317.66
14238.6 38797.2
46517.7 12047.5
45063.6 38333.5
12970.5 6968.94
36074.6 7005.42
6824.92 36712.5
49279.8 48985.7
48690.6 45194.8
40288.2 7684.56
1351.87 39681
45605.6 19238.8
27229.6 6191.87
1428.34 43294.3
31210.5 47502.8
16466 32622.4
11958.3 28957.5
2225.94 44361.7
29253.2 49967.6
11736.7 31924.5
19409.6 48882.3
7381.69 40379.6
17104.7 7353.79
11043.8 5926.84
12845.5 38548.1
42166.1 36856.8
26059 14046.8
46495.6 9356.62
22243.2 28043.4
2627.75 48301
668.383 19692.3
23401.7 36210.4
43447.3 43222.6
28927.4 16772.7
11445 49409.1
9921.81 49979.6
40744.1 37533.7
49865.2 15430.5
639.505 3847.94
31861 34248.6
16303.2 33294.4
15178 34481.8
6634.4 22312
13069.6 42839.1
34472.1 289.475
32560 442.916
310.271 41485.9
44111.3 27668.5
28414.6 6407.06
25084 27702.3
23618.8 12718.4
348.491 47071.5
49922.3 39728.7
14428.4 30475.5
11934.6 35648.7
19192.5 21450.3
7063.91 7720.41
18034.4 8715.42
16711.1 3757.26
18079.2 5424.15
18197.3 3055.66
7998.45 11023.8
17544.4 1292.78
91.6204 24462.6
49634.5 13215.4
24440.6 4131.26
4835.1 41196.6
34090.6 24705
49243.6 31907.1
48690.4 16545.7
38356 33891.8
19318 11169.2
48467.4 41812.4
23045.3 18426.1
21419.1 37294.4
13264 47959.6
23495.8 44738.9
3845.89 24602.5
23654.4 11714.2
27325 19531.4
33427.1 45364
33109.3 6079.03
24721.9 40096.6
32228.5 1285.82
47390.8 26279.5
7988.16 9512.44
1694.89 12858.4
49928.1 41037.7
46774.2 46900.8
36433.5 21608.3
15072.5 15547.3
49688.6 25542.6
13712.3 39486
30181.8 6664.06
40182.2 48538.3
31425.6 34062.9
2014.76 16294
30296.8 49439
1083.73 15805.3
10348.3 11387
24470.9 41326.4
11963.8 49284.2
19224.9 5973.03
6321.12 16785
9893.8 13534.9
49143 41830.4
13479.2 4393.35
46727.7 40910.5
30787.7 23045.1
135.551 39009.3
10972.3 12165.6
37962 29703.6
1479.74 48040
25812 20102.4
3354.21 38015.4
43408.3 47416.4
6243.72 41106.1
28346.7 46672.8
14194.7 49251.3
6968.62 39710.4
38372.6 44508.9
39481 16073.8
8279.96 1293.4
2243.3 17581.5
29894.5 30690.7
1042.57 15640.7
305.905 6050.4
47037.9 10742.6
26195.7 23699
35787.5 49961.2
49833.7 36434.4
10440.4 18527.8
14110.9 5697.07
16905.7 3817.22
6332.27 6423.93
1644.05 8634.99
23612.4 40849.9
27959.2 16922.6
15608.2 44225.7
35177.7 3970.08
9003.82 44941.8
49545 22177.1
48757.2 12354
13241.6 30287.6
30844.9 26688.7
20115 32043.2
22360 21075.4
26327.5 12340.6
11375 27923.4
16061.4 35053.8
42669.7 45313.3
5186.54 18155
25811.1 40453.7
16598.6 14227.7
42648.3 48630.4
49747.2 4911.65
38159.6 21375
47998.5 18525.8
41454.1 39606.2
37695.2 41844.4
1664.9 34911.1
33435.3 43424
47153.9 19992
40968.3 44130.7
20963.5 2101.21
34919.2 49788.9
43845.7 5516.35
13986.3 17261
1196.08 25127.6
9763.94 3451.83
6227.95 39054.7
1768.25 40617.1
1719.68 20503.6
34158.7 44927.5
31273.2 23585.5
32241.4 39418.2
4380.77 37281.5
9849 30969
4539.3 33432
48474.1 18366.3
44402.4 17483.1
32425.9 48934.6
49437.9 17646.4
49314.9 40157.2
28851.6 44837.5
24287.1 48181.8
31372.9 17810.5
43430.3 49459.4
8426.05 38365.6
15088.4 45835.5
34223.7 10156.6
3107.82 15973.5
19780.6 8012.44
37322.7 28403.1
36452.6 41888
38527 10097.5
22843.2 10719.6
16428.4 38070.1
41211.6 10323.9
47653 37870.5
8310.12 28140.7
32687.7 45275
3270.42 3495.73
49814.3 5225.42
24926.3 31235.2
36204.6 3676.18
49291 42924.4
32605.9 14113.9
16273.3 5045.76
28383.4 9432.9
15744.8 37994.5
22156.4 33044.5
48707.8 13019.6
6296.38 38028.9
11977.3 20091.5
47861.1 40103.2
48753.3 46996.1
22096.9 47032.7
19401.8 36909.1
39144.8 4970.2
7779.11 28327.7
3255.33 34360.1
25492.8 37545.5
25754.8 24820.9
36478.1 39171.1
44590.9 28343.3
49936 12866.3
18196.3 10711.4
8660.86 2553.99
30881.5 39136
42118.7 42525.2
9286.42 9172.71
15796.8 47130
37923 35737.4
22752.5 26023.9
19622.8 46452.2
7501.1 1883.32
22530 24072.1
24003.8 17897.2
22989.3 20994.3
15372.8 17984.3
3060.07 10310.4
17214.1 4141.88
40654.2 27119.9
26764.7 29564.5
2226.98 19248.8
41683.8 1003.91
48396.3 30629.4
23832.2 27099.7
42160.6 42184.7
26861.3 39199.6
38129.4 28763.2
47209.4 10448.8
37481.6 47445.9
5765.22 30195.2
30862.3 39570.9
44872 7832.68
21693.8 43050.7
44636.8 39008.5
47688.2 30449.9
37941.9 3178.07
16118.9 15821.2
18419 23999.5
39883.3 48111.8
33456.1 48427.1
9790.64 44369.5
1199.33 15813.9
21828.5 6022.19
3565.25 19678.9
37931.2 29695.9
30528.5 46995.5
13911.8 2127.91
23490.6 36586.1
41462.2 2318.59
5743.36 7838.54
24623.2 17636.9
23648.5 18604.8
36756.4 1990.75
30143.6 6936.22
41563.2 35727.5
32079.5 49883
41167.3 3529.09
27571.4 20093.9
36199.7 31942.5
40176 29625.7
17086.2 11688.2
27769.1 7130.48
14018.3 46280.6
27924.5 35348.6
45551.6 18025.9
37519.5 15527.7
1671.02 16197.3
36295.6 20905.9
23896.2 8078.13
11577.2 404.889
20562.4 10975.8
39197 34321.2
46847.3 4575.52
44344.6 49233.3
24529.7 26090.1
23243.9 12954.9
28065.2 19447.4
38982.8 45549.7
39781.8 44159.4
42081.9 6103.44
12892.8 11310.4
25949 33836.8
34788.7 5631.34
28525.1 12569.8
46543.4 36181
40519.5 89.5606
5115.67 1853.42
49894.7 29734.2
5397.23 43301.3
37234.6 46176.5
18336.2 34766.9
2994.27 24388.1
46358.4 24671.1
20295.4 49858.9
33400.6 5766.22
14873.5 34231.3
49444.4 43685.1
43740.5 45578.9
49143.8 15767.9
49933.1 45457.1
31334 10777.2
46865.6 8459.31
15727.1 16726.1
47625.1 47002.3
11671.2 13352.3
1297.29 32209.3
48834.2 43111.2
9376.83 1200.45
29198.7 8315.66
6454.9 41123.9
34633.8 38297.7
41573.9 4821.52
47870.4 43147.3
10349.8 37225.3
7846.99 5277.91
47296.3 31607
6144.32 181.519
48633.2 43247.9
19469.1 48908.8
28495.9 33712.1
5016.43 29106.2
35455.1 28406.7
37970.3 399.606
35718.1 22832.5
20580.4 25517.2
6129.76 24232.5
22700 23308.3
16518.7 42698.4
1613.49 28958.8
39733.9 26835.2
8681.02 5767.37
42573.9 24317
27760.6 48626.2
42474.6 13772.2
1437.26 4308.49
22467.9 8796.02
17151.9 12677.8
13775.3 23852.3
47016.3 47808.4
7670.37 45814.3
8845.92 13262.3
47234.8 31781.3
32564.7 22674.6
45025.6 18116.9
26382.6 3467.1
40002.1 16918.7
49149.4 18424.9
25065.1 47359.4
49096.3 7807.99
8784.69 2807.23
45167 38839.6
8462.99 20668
38501.2 857.787
41699.5 8258.26
26840.4 28143.2
11066.7 2230.55
22635.6 17525.3
44678.1 23647.3
23579 14817.9
33514.2 27238.1
4077.42 4653.69
37410.6 46985.4
28974.7 35981.5
49007.8 7965.7
7749.64 8603.66
13350.7 16582.6
43718.2 18104.9
7167.26 19858.4
43509.9 38002.8
10808.4 22123.1
4618.38 11445.6
21572.1 8349.18
3456.44 33992.6
35210.4 39109.7
4189.37 20721.6
302.483 49487
29927.8 6773.21
17737.7 42471.4
14656.9 36197.5
12946.9 38317
49927.5 35790.5
31177.2 46807.4
32919.8 18353.8
14029.1 7844.79
20239.7 44731.8
30968 45369
21822.8 16892.9
5476.15 14871.9
32725.1 27819.5
23373.4 12555.5
1758.12 444.686
1921.12 40161.2
28182.5 5954.05
26368.4 35088.7
7708.37 14845.9
6651.03 45574
33418.2 11990.3
27944 10494.7
19603.9 41301.1
24795.4 36520.9
29595.9 4984.09
19197.3 42293.4
48035.2 34082
14211.4 13027
41551.9 26294.6
35882.4 38629.4
2188.85 27486
22133.2 27035
6222.79 49949.8
48694.6 40750
20500.4 17339.8
18636.3 43702.1
13922 23702.1
2270.18 24996.3
44680.8 45638.9
14454.1 37233.4
17587.2 3504.47
13206.5 37051.1
9809.13 10931.7
49718.3 47516.7
14687.1 37251.7
44597 33460.7
9936.25 6798.78
30155.2 38855.9
8725.98 4723.12
20572 2095.17
3664.47 40999.9
25105.4 49645.3
21517.7 11233.7
2648.39 22149.1
7679.32 11164.4
30396.3 49090.8
49585 22905.7
17996.3 5058.64
6588.84 17393.7
35414 2475.56
36118.2 41117.8
43858.1 45586.4
4092.43 8089.89
44117.8 23404.6
11931.3 102.893
24666.2 23813.4
30658.3 33597.4
1990.48 8586.26
10308.5 20838.4
10120.8 8917.31
48799.1 19117
4888.9 17713.5
46094.7 45961.8
3727.97 722.919
35575.1 41826.1
28849.5 46634.6
12743 41737.8
47872.3 25768.9
29440.8 3406.55
34000.3 3859.83
715.503 35683.8
18913.8 40330.1
44635.6 22393.3
15477.9 29709
20817.2 36253.9
16612 19227.5
10458.8 46033.8
17305.7 10827.8
23244.6 23840.9
893.479 45859.5
40526.1 13179.7
44626.7 44574.7
42100.6 46838.9
12134.6 21375.7
33979.6 38859.1
19746.7 9457.69
40750.7 27992.6
29947.8 20886.3
37445.3 27917.5
13963.4 17488
16469.4 41828.1
9895.24 44.6397
36712.6 45002.9
8460.61 1912.13
40675.5 24677.9
25820.1 11786.6
38339.9 37208.7
1863.98 7254.19
13833.5 27479.7
40362.7 40856.3
41994.5 37190.2
3939.03 28355.2
17274.2 46629.2
39129.8 45659.2
13674.4 12818.3
5369.59 21827.9
11249.9 26414.7
20373.8 1009.02
46792 31700.5
45740.9 16228
2676.36 32203.3
17276.7 33839.3
23044.4 18125.6
16713.9 42956.6
27860.1 40811
29872.2 20596.1
30935.6 3265.52
9366.88 33917.4
29359.8 24976.6
41643.6 48832.8
21822.7 4573.3
8391.58 4590.25
46489.7 31415.8
6996.9 18264.3
38682.3 11650.4
46611.6 12229.9
10424.5 46803.8
33010.7 20793.2
28039.6 44086.6
25666.2 20891.6
187.43 41630.4
4871.54 3037.47
46911.9 6799.63
43895.5 49677.4
39334.6 36741.7
27407.7 9727.59
26479.4 42470.3
6275.54 26722.6
23881.8 49827.7
9058.52 7827.67
27874.1 45777.8
3794.31 35988.5
2062.52 12495.4
30648.2 3943.84
38764.7 12909.1
33213.8 19147.4
49648.2 31822
43647.4 13785.2
16652.7 43893.8
746.96 42597.4
27199.4 965.989
41307.8 16351.9
33526 32069.3
45105.4 11844.5
30741.5 45660.1
40010.2 45603.3
39714.6 28691.1
3527.86 17123.5
26944.8 49733.2
11963.9 16022.1
3608.48 28916.4
39705.8 47119.4
11328.8 27150.8
14013.6 47321.6
21969.2 37381.1
49164.9 38678.5
26511.8 46644.3
31348 14291.9
47583 32565.8
2565.78 6996.15
40599.2 22358.7
42106 25692.2
23106.7 5128.45
637.09 20701.4
39449.4 42839.4
14357.8 916.711
9700.6 20166
30829.3 26690.9
6793.65 28530.8
39285.8 17428.7
5945.46 46503.1
47097.6 22720.9
8871.11 40327.3
8174.7 30580.7
15468.6 11815.1
9576.39 1098.72
14388.4 23167
29885.2 6175.03
5181.97 17882.8
11317.5 40213
30570.1 12954.2
28340.5 31111
39153.9 49539.5
45942.5 2817.58
