27862.4 2781.28
32175.1 2937.63
28564.5 22657.4
9871.01 28300.5
23911 13357.4
49910.4 36853.1
24881.1 4264.19
9036.63 37391.1
35183.9 41067.3
2067.61 6559.82
20508 39683.2
12941.4 41665.5
18565.9 44381
31833.7 13245.6
44212 2899.31
22250.4 19024.1
43266.2 16362.8
11759.3 6801.11
23830.5 38250
33858.5 29619.8
42976.5 38714.7
15200 17578.9
10892.5 38303.4
29651.5 15063.6
49662.4 20017.9
45326.3 38688.2
48290.2 39818.1
25614.6 49217.4
37231.1 10017.4
47849.7 48380
12217.9 44982.5
6411.32 26646.1
13184.5 30318.3
19876 24699.9
49698.6 1191.53
43680.9 24242.6
47603.9 17175
2635.19 33742.9
9730.41 44512.9
41318.9 11094.9
40008.7 16227.7
42950.8 7437.61
5662.01 19081.6
35651.3 11701.5
45503.7 43756.7
2535.99 39098.5
33881.5 8083.85
47625.6 43462.4
5782.01 4975.45
6786.28 37618.4
503.592 11651.5
37938.9 15965.8
16852.7 16163.2
34098.9 24264.9
14338.7 12110.2
803.64 41174.5
44332.8 23404.8
23033 22021.8
2612.14 34778.6
8757.02 28579.3
26030.2 13394.2
19740.9 27572.4
9341.29 38993.7
25703.5 30773.1
44946.2 31381
22783.8 21180.9
37755.8 14322.8
14049 9812.57
10043.3 41487.1
28122.8 42922.3
30888.6 49981
6885.61 41715.8
13547.8 1656.96
7755.6 44901.4
13615.1 26123
46301.2 27634.9
29820.2 45870.2
29993.8 31225.7
14954.4 5804.86
39240.2 2719.72
8590.47 26897.5
15446.1 14256.5
38184.9 43668.3
23030.3 27524.1
4435.78 33406.6
10905.8 2148.67
4727.05 14777.1
22462.8 12149.8
44862.7 42127.1
48930.1 28498
13057.5 45136.1
42490 1640.98
44552.8 1194.34
10294.6 19442.7
5796.59 903.246
24984 1523.88
42497.1 30896.7
30677.9 717.189
19151 47752.4
47515 3644.85
28910.6 37775.3
25111.1 45441.3
42505.3 48846.1
25873.6 45970.1
34921.2 49666.4
44240.4 22439.1
5852.27 994.595
27166.4 32028.8
6746.54 41483.4
16384.4 40424.6
37033.6 49786.4
42809.5 5390.78
42073.9 2755.79
49914.4 44784.4
43081.2 34262.1
41534.8 42305.8
15433.1 25974.8
5063.34 34350.1
32982.7 46413.6
49589.6 27586.4
39746.1 6135.97
34266.8 36720.2
49410.9 5001.4
33350.9 22922
35604.2 24895.4
12866.1 18798.2
1069.71 45584.8
1028.58 38192.9
36304 14223.2
7132.94 23758.2
14245.9 28889.6
11283.9 768.936
24971.7 48547.9
19455.9 12501.4
48716.8 25322.8
44302.6 44984.8
39345.3 24185.1
17956 42461.2
20426.4 24177.2
22794.5 29.2416
26466 6044.57
42585.9 4823.56
4777.69 22939.5
43149.7 48413.2
31044.5 47952.4
30912.5 38682.6
38621.1 121.876
33714.7 16719.3
21655.5 15029.4
11647.7 16409.1
42953.6 48148.4
43052.4 15004.6
3256.18 21071.3
38620.8 15719.3
30544.1 18215.2
27751.7 44177.8
27286.8 12040.5
10484.1 34378
18112.1 26064.8
6341.37 45256.2
43095.1 27479.2
24458 38260.6
19700.7 6407.83
246.304 2833.99
29700.4 27715
18834.4 41429.5
29535.3 29032.4
40954.9 34382
16792.9 18088.3
8291.89 48910
49483.5 2043.68
12724.6 28531.8
16620.1 44772.6
31083.4 17318.6
36439.1 39535.7
39847.2 46743.7
36614.4 47837.1
45819.8 49704.4
40508.8 48201.5
38421.6 34531.4
35653.7 34825.5
121.495 910.171
1434.29 41792.9
18033.4 36366.3
6176.17 6227.8
13039.6 3847.66
30471.5 23364.7
30199.6 8172.96
25044.8 28771.5
8756.54 20004.9
16111.7 45044.6
14535.6 1093.56
18248.4 40039.3
7224.08 2238.34
22870.3 18594.8
35265.1 21945.2
17640.3 11323
37444.8 22225.5
41059.6 4097.82
8220.66 44408.5
46068.6 33758
17224.4 44189.6
48492.8 42543.4
672.22 31547.3
6096.53 39603.7
44339.2 14540
42148.4 14569.3
47664.1 25038.9
31263.2 29440.8
22516.7 26183.6
18290.7 28947.6
47719.6 2019.31
24359.3 4667.53
26763.4 44268.7
42067.1 22655.9
9456.17 8198.8
34199.9 42211.7
23009 3949.68
12906 37860.9
8725.17 36633.8
11003.9 16586.9
15638.6 47578.8
34622.4 897.383
49778.3 41536.9
46591.4 38435.7
34988.6 38792.7
42355.2 2369.7
33886.1 9780.93
4063.61 45948.9
10568.7 29724.2
14934.3 21034.1
6311.25 37481.6
38520.6 602.951
37597.5 9976.73
1960.27 19681.2
36301.4 29998.4
41009.3 36381.1
13564.3 12210.1
14661.3 48506
839.572 22715
4213.18 33539.2
29291.2 3497.94
35840.2 34218.8
39344.2 4409.48
2800.23 39134.7
15240.7 12450
18789.7 37299.2
36352.1 41562.4
49638.9 18569.9
24669.7 49306.7
10422.9 37106.8
28961.9 49576.8
32448.9 12557.4
21870.1 4708.37
21997.8 6878.12
19218.2 35743.5
41146.5 25702.5
18963.2 34324.3
4856.81 35208.6
45773.1 45271.5
35721.6 25746.7
49973.8 27829.5
20230.9 16726.8
20543.6 18146.1
49545 45595.8
403.965 21919.1
14416.3 9476.6
24208.1 42876.1
10303.2 18275.7
18226.5 26136.4
46014.3 47283.5
4141.77 4474.69
3781.34 26652.7
9480.13 48789.4
16753.2 8189.58
47529 16232.8
26050 37501.9
41727.1 13882.6
47610.8 46625.7
33226.3 12232.7
29825.5 16107.2
606.219 9842.34
34337.1 20412.1
34979.2 22591
12555.7 40857.4
47087.5 10437.4
5679.37 48336
29666.3 42596.1
36864 2279.43
16293.8 42122.3
13757.8 25558.9
22129 26152.5
5750.75 49547.6
33339.7 21765.2
1962.73 40081.2
5376.17 32194.5
30403.1 49986.2
28705.9 16889.9
22520.1 8140.91
3719.88 1148.46
29736 49308
20162 35739.8
49343 28284.6
30786.8 31701.6
7618.52 27852.8
22098.2 45675.2
15887 47950.6
27453.9 3418.6
26780.2 8484.11
6243.69 31123.5
8501.79 34397.4
2031.94 16511.4
34930 13137.1
33214.7 25113.6
35279 2700.16
63.0954 5741.94
37486.1 1638.31
22294.9 49210.7
49818.1 42679.3
30663.2 31092.4
3971.92 45755.3
7088.49 29372.8
39102.5 23094.7
30993.1 36907.5
39218.2 40414
38045.7 26999.6
48009 29038.6
27990.8 1257.38
34708.7 27390.4
24813.2 31440.6
291.74 24217.9
18476.6 49768.3
48378.3 20544.6
689.58 1708.88
18357.6 18410.9
21730.7 40191.4
34901.8 48134
48409.9 35446.9
36103.7 14447.6
6553.78 5483.63
46480.1 12863.2
14992.9 22011.3
27325.2 18345.4
32793.5 44620.5
409.678 40719.2
94.8726 4946.22
10785.8 10304.8
16403.8 10305.4
33881.7 47645.1
38164.4 27244.5
33165.1 41815.2
39421.6 38824.5
5112.59 3502.68
2676.32 49959
36861.7 21486.1
44428.9 29413.3
20818.4 30544.1
30562.6 49566.4
40428.6 2922.53
10574.7 17107.9
38583.2 20599.3
5313.92 48712.8
33059.4 9269.74
47018.8 30098.4
23450.8 26565
11829.8 35577
17415 29404.4
39800.5 35758.7
49960 5698.05
33621.2 20220
2798.91 876.142
5560.59 49258.4
17318.9 41928.9
19220.6 14650.7
10525 1748.57
44232.4 49374.4
23997.5 18344.3
33326.6 39211.6
6572.71 25910.2
20767.9 13262.3
32426.9 4544.3
9142.95 19575
571.255 35515.3
17705.7 7508.74
30334.9 48659
47120 21650
16273.2 41972.4
920.605 27432.8
27274.9 48148.4
46668.9 25069.6
385.436 7511.58
22315.4 38884.9
3547.43 14355.8
7322.53 16274.2
11315.1 1122.65
42636 31585.2
45654.2 5714.97
35169 29741.1
2196.09 18429.7
28140.4 35034.8
24659.9 13414.8
49707.5 1323.67
13028.5 34684.8
90.0391 30571.9
1470.05 17180.2
38556.4 9414.28
10696.3 21073.6
32621.5 32796.9
35597.2 16022.1
19385.9 33627.6
822.705 12978.1
47736.7 45383.7
28965.5 12401
6937.77 5339.41
42876.5 10095
24634.6 15507.8
38047.6 20000.2
3084.8 28477.6
17423.5 36193.3
14126.6 23828.2
38552.8 38164.7
28843 32516.3
38817 17114
47602 45586.4
21134.1 32134
23530.1 1882.71
4152.8 3101.57
21411.4 19131.7
1911.49 21189.8
4823.46 34902.4
34975.3 8987.12
1398.55 30933.5
24949.6 49824.9
18588.4 15509.9
76.547 1387.85
4776.94 41397.1
16365.9 49367.8
1941.77 27107.2
14671 49260.9
42091.9 37458
47196.1 49842.1
4295.53 31952.8
40116.6 304.758
37851.2 45694.5
12219.6 34433.2
18589.7 19286.4
8427.08 18385.6
12092 2880.71
6608.4 40745.1
36716.8 43064.5
28915.9 37518.9
4962.29 14929.2
37493.9 43145.4
10311.4 28857.6
22681.4 12605.3
5623.96 38878.5
27340.2 3088.29
41186 45087.5
49335.5 4557.86
4587.53 31805.5
5775.54 14861.9
31753.2 49607.2
31061.9 34425.2
36390.3 47375.4
32511.8 21850.6
33601.9 7434.18
11013.2 16090.7
2041.07 14280.5
47610.3 92.0644
21964.3 5815.71
22600.3 24492.3
9606.17 31023.2
17253.7 36361.1
26022.7 21488.6
21423.2 9100.43
13691.9 30452.3
49206.5 39892.9
301.024 38079.5
3239.09 30291.3
44983 27322.2
34835.9 36032.6
3900.24 3748.44
38461.9 49310.4
43623.3 41418.3
41786.2 31688.8
49842 32909.4
48899.3 3284.34
27237.1 6850.28
36947.4 17739.8
49112.2 17993.6
21276.4 45826.7
12156 48256
6354.53 4061.03
36352.4 10259.2
36691.2 49892
43890.2 3959.16
39672.6 44970.6
9937.02 44062.7
7356.01 8015.89
28865.6 19418.2
27195 47450.1
27023.4 23508.4
2157.94 41164.3
45497.4 23085.3
46364.7 49681.2
16713.5 23422.5
1631.91 35427.1
43924.1 35311.6
7283.56 48868
36518.5 27593.6
40588.7 39543.3
6969.01 18643.5
4187.4 17048.5
913.689 16564.1
9801.52 7573.95
3944.64 23155.2
36907.5 3017.4
30249.1 45561.3
47509.9 49663.5
15333 9667.24
26070.3 39557.1
14405.6 13232.6
44599.2 11157.8
19500.1 30347.2
13038.5 48613.2
22286.5 9424.48
43755.8 45862.5
11452 1976.49
1650.28 44372.5
29421.1 48689.2
19488.7 4187.38
10676.5 49111.3
4616.98 6660.98
11116.4 1838.07
33763.4 9722.21
39173.7 14990.7
48263.2 30491.6
19704.1 22972.3
42731.4 8209.66
12357.1 39061.7
48092.9 13110
46430.3 37013.7
11112 7363.97
37486.5 8276.77
5179.47 35762.5
48507 47250
48889.2 47084.4
40747.9 9528.12
2063.62 37919.4
44893.9 21000.4
28804.8 5129.41
4.65577 43142.3
29339.3 47172.9
15194.6 31210.4
12482 30783.9
2937.69 42600.1
27353.2 49967.6
10674.2 33499.7
17514.3 48749.7
6319.23 38804.5
18560.2 8575.09
12914.9 5596.9
13557.3 40309.8
40284.6 37121.2
24177.5 14311.2
48322 9880.33
22243.2 28043.4
2561.44 46402.1
1501.29 17984.5
21946.2 34989.1
45183 43995.4
27656.1 18184.7
9709.24 48636.3
9486.35 48233.1
39008.4 38306.5
49798.9 17329.4
772.042 1952.57
32448.2 36055.6
15779.5 35120.8
16633.4 33260.5
7284.23 24097.4
14965 42706.5
36371 355.784
34458.8 509.225
646.313 39993.5
43219.3 29346.1
29911.8 7576.82
24134 26056.9
49651.4 38907.4
25074.2 13939.7
872.202 45245.1
49922.3 41628.7
14888 32319.1
10045.1 35450.1
20559.3 20130.5
5163.91 7720.41
19933.3 8781.73
18418.9 4590.16
19196 3887.01
17547.5 1270.24
9168.21 9526.59
15700.9 833.128
91.6204 22562.6
48857.2 13711.1
26299 4526.29
3379.62 42417.9
33566.9 22878.6
47535.9 32740
47002.6 18068.7
49952.4 17135.2
37583.2 32156.1
17862.5 12390.4
49300.3 43520.1
21201.8 18885.8
20832 35487.4
11556.3 48792.5
25302.8 44151.7
2839.04 26213.8
25229.6 10651.7
26433 21209
33427.1 45364
32910.7 4189.44
23184.7 41213.4
33239 237.48
47192.2 28169.1
9050.63 7937.27
375.04 11491.7
49598.1 42908.8
47361.3 48707.9
34788 22558.3
15532.2 13703.7
49228.9 27386.2
13000.5 37724.3
31014.8 8371.77
39409.4 46802.5
32792.4 32743.1
694.911 17660.7
28407.2 49240.4
1150.04 13906.5
8458.66 11585.6
24140.9 39455.3
12916.4 49834.2
17439.5 6622.87
7640.97 15418.3
11700.8 12947.8
48944.4 43720
12207.9 2981.38
45665.3 42485.6
29290.4 21875.3
201.86 37110.4
12427.8 10944.3
37895.7 27804.7
172.812 47245.1
24050.3 20814.2
4065.97 36253.8
42088.5 48783.1
8005.37 40394.3
30228.2 46937.2
14194.7 49251.3
5906.15 38135.3
37599.8 42773.1
40487.8 17685.1
9817.09 2410.2
507.565 18354.3
31261.2 29370.9
92.5744 13995.2
1951.35 5100.4
47037.9 10742.6
27841.2 22749
34079.8 49128.3
49569.3 38315.9
8794.92 17577.8
12613.7 4527.31
17300.7 5675.7
6067.84 4542.42
811.144 6927.28
23942.3 42721.1
29076 18459.7
14111 43056
36752.9 2907.62
7132.69 44611.9
49120.9 23385.5
48362.1 14212.5
13043 28398
31043.5 28578.3
19223 30365.6
24167 20488.3
28209.1 12605
12086.8 29685
15411.6 36839.2
41094.6 46375.8
5710.25 16328.6
26460.9 42239.1
15481.8 12690.6
41585.8 47055.2
48734.6 5563.31
36938.3 19919.5
47799.9 20415.4
41387.8 37707.3
35813.7 41580
298.153 36230.9
31727.6 44256.9
47577.2 35368.8
46630.2 21818.4
39290.7 45022.7
22574.8 3108.06
34589.3 47917.8
44044.3 3626.76
12278.6 18093.9
997.476 23238
11219.4 4673.13
7639.92 37783.3
2660.25 38939.5
2492.48 18767.9
36002.2 44467.8
30051.9 25041
30415 38894.5
3373.92 35670.2
11168.8 32335.8
4737.9 31542.4
48275.5 20255.9
43752.6 19268.5
31420.2 49764.5
48914.1 19472.7
49248.6 42056.1
27115.9 44064.7
22525.4 48893.6
33216.5 17350.8
42209 48003.9
7476.05 36720.2
47010.3 38960.4
16663.6 46898
35115.7 11834.2
3694.95 14166.5
17937 8472.09
36205.9 26865.9
34775 40996
40408.5 10361.9
24650.2 10132.5
15904.7 36243.7
40947.2 8442.36
47653 37870.5
7660.29 29926.1
31795.7 46952.6
1903.67 2175.88
49354.6 7068.98
25988.7 29660
38094.2 3477.58
49991 44024.4
34504.7 14180.2
18168.7 4913.23
30282.3 9366.59
14794.8 39640
22616.1 31200.9
47645.3 14594.8
6163.84 39924.3
13297.1 18724.7
46034.7 40626.9
49772.5 47868.6
20225.8 46702.8
19137.4 35027.6
40880.5 5743
8302.82 26501.3
4262.18 32748.8
27299.8 36958.4
24804.8 26466.3
35022.7 37949.8
46417.3 28867
49163.2 14602
20067.4 11041.3
10116.3 3775.28
29023 38741
40751.9 43845
9998.17 7411.06
14061.1 46357.2
38985.5 37312.5
21340.5 27295.2
19292.9 44581.1
6668.2 175.61
22397.4 22176.7
23231 19632.9
21577.3 22265.7
16870 16814.5
3647.2 8503.34
19057.7 4601.53
40852.8 25230.3
26897.2 31459.8
383.414 18789.2
43542.3 1398.95
49458.8 32204.5
25658.6 27623.4
40889.3 40772.7
25449.3 37928.2
36344 29413
48917.1 11281.7
35773.9 46613
3866.38 30128.9
32688.7 39047.2
45764 6155.08
20743.8 44696.1
44049.7 40815.5
48399.9 32211.5
39479 4294.86
17181.3 17396.4
18419 23999.5
39553.4 46240.7
31694.5 47715.3
9203.51 42562.5
1397.93 13924.3
23049.8 7477.67
5020.73 18457.6
37158.4 27960.2
28638.9 47194.1
14918.6 516.617
25297.6 35998.9
40512.2 673.146
3936.35 7251.4
26384.8 16925.2
21970.9 19496.8
38646 2189.36
32033.2 6737.62
39917.8 36677.5
31017.1 48307.9
41879.1 5290.74
25835.6 20866.7
34978.4 30487.1
39780.9 27767.3
18583.4 10518.4
29224.6 8351.78
12159.9 46675.6
26862 33773.4
43680.4 18355.9
35638 15792.1
2443.82 14461.5
36625.5 19034.8
22218.6 7186.13
13476.1 471.198
22461.3 11042.1
39130.7 32422.3
47620.1 6311.25
42463 48968.8
26237.4 26923
23573.8 14826.1
29286.5 17991.9
37711.4 44137.8
38170.5 45166.3
43867.4 5453.61
11066.4 11834.2
25057 32159.2
36615.1 6155.05
26718.1 11982.6
48424.9 35916.6
42419.5 89.5606
6387.02 441.447
49518.5 30767.9
7296.07 43235
37499 48058
17563.4 33031.2
1135.79 24783.2
45646.6 26432.7
18451.8 49399.3
35244.2 5306.57
13981.5 35908.9
49007.6 44000.1
42328.5 46850.2
47358.4 16417.8
49933.1 47357.1
32340.8 9165.87
48185.5 7092.56
16896.9 18223.4
46792.2 45294.6
12383 11590.6
221.493 31121.8
48767.9 45010
10351.1 278.029
31094.1 8183.12
8281.3 40600.1
33362.5 39709.7
42893.7 3454.77
47158.7 44909
11466.6 35688.2
8496.83 3492.49
48129.2 29899.3
8039.69 314.056
48303.2 45119
17570.2 48842.4
29907.9 32440.7
3157.95 28711.2
33719.4 29179.5
38494 2226
34106.8 23839.4
21947.1 26837.1
4344.34 23582.7
24558.4 22913.3
15063.2 41477.1
840.69 30694.5
38901 25127.5
10552.2 5437.44
40838.1 25089.8
29257.9 49795.9
41412.2 12197
2499.72 2733.32
24175.6 7963.12
18043.9 11000.2
14105.2 25723.5
45696.5 46441.7
6663.53 47425.6
7676.16 14759.6
48646.8 33052.7
32498.4 20775.8
45025.6 16216.9
26184 1577.51
38426.9 17981.2
48625.7 20251.3
26826.7 48071.2
49997.2 6366.31
10680.1 2674.69
47038.2 38509.7
9469.83 22279.3
39213 2619.44
40332.8 6938.4
28666.8 27619.5
12236.5 3727.77
21315.7 18892.1
43966.4 25408.9
22746.1 16525.6
32344.4 28735.3
5755.02 3761.69
37344.3 48884.3
29807.6 37689.2
48941.5 6066.86
8144.67 6745.18
13152.1 14693.1
43718.2 18104.9
8117.26 21503.8
42143.1 39322.7
8909.56 22189.4
3251.64 10125.7
23472.1 8349.18
4406.44 32347.1
34437.6 37373.9
3859.44 22592.7
1419.28 47949.9
31503 7835.67
18197.4 44315
14007 37982.9
12814.3 40212.4
49927.5 37690.5
33072.6 46940
34531.1 19360.6
15395.9 9164.64
19122.9 43194.6
29905.5 46944.2
21889.2 18791.8
6482.99 13260.7
32791.4 29718.3
21478 12422.9
3210.5 547.637
135.706 39511.4
29352.2 4456.83
24469.6 35022.4
6875.46 13138.2
6452.43 47463.6
35154 12763.1
28208.4 8613.15
18028.7 40238.6
23258.3 35404.1
31241.4 5934.09
17435.6 41581.6
46191.7 34541.6
15889 13919
41221.9 28165.7
34000.9 38365
2387.46 25596.4
20963.4 25537.8
5633.26 48459
48299.5 42608.5
21820.2 18706.5
17180.8 42480.8
14754.9 25409.8
695.009 23933.9
45850.6 47136.1
13087.3 38553.2
16175.2 2233.12
14268.9 38626.3
8047.48 11643.5
47956.7 48228.4
12797.5 37450.3
44927 31589.6
10002.6 8697.62
31962.3 38268.7
7114.69 3716.27
21938.7 775.323
1782.96 41264.3
23206.5 49579
22837.5 12600.5
1641.54 23760.4
8741.79 9589.2
29203.5 49556.8
49518.7 24804.5
19896.3 5058.64
8086.07 16224
35743.9 4346.69
34706.2 42389.1
42688.3 44089.2
4804.18 6328.24
43167.8 25050
12129.9 1992.49
26078.2 22542.1
28787.2 33927.4
3698.19 7753.35
9535.69 19102.6
11392.2 7505.34
46909.5 19315.6
3617.55 16301.5
47965.9 46291.7
4897.72 2220.14
34512.7 43401.3
27171.9 45742.6
11035.3 40904.9
49042 24271.7
29440.8 3406.55
33605.2 2001.35
1239.21 33857.4
17458.3 39108.8
44635.6 24293.3
15411.6 27810.1
19984.3 34546.2
15495.2 20764.6
8781.2 45141.8
19187.2 11092.2
24700.1 22619.6
2751.96 45464.4
42397.2 13509.7
42737.1 44773.3
40293.5 47426
13709.8 22438.1
32524.1 37637.8
17857.2 9259.08
40100.8 29778
28778.1 22383.5
37050.3 26059
14675.1 19249.7
15945.7 40001.7
11795.2 44.6397
35542.9 43505.7
10304.2 2371.79
39842.6 22970.2
23949 11456.7
39795.3 38430
5.50062 7649.23
15618.9 26829.9
40362.7 40856.3
41664.6 35319.1
3479.38 30198.8
15384.6 46430.6
39394.2 47540.7
12557.6 11281.2
6590.88 20372.4
12141.9 24737.1
22232.3 1404.05
44948.5 32160.2
47584.5 16687.7
4287.65 31196.4
15599.1 32947.3
24722 17233.6
18557.5 43416.3
29621.8 40099.2
30202.1 22467.2
32697.2 3977.28
7605.23 33205.6
31241.3 25241
41643.6 48832.8
23189.4 5893.15
8524.12 6485.62
44753.9 32188.6
8840.46 17804.7
39744.7 13225.6
47198.7 10422.9
8639.12 46154
34772.4 20081.4
26672.9 42766.7
27078.2 19620.2
45005.3 19273.6
1079.43 39952.8
3864.69 1426.18
45849.4 8374.8
42505.6 49038.4
37572.9 37453.5
28982.9 8665.13
26479.4 42470.3
4567.83 27555.5
23881.8 49827.7
10633.7 6765.2
26757.3 44240.7
4318.02 34162.1
2261.12 10605.8
31710.7 5519.01
40442.3 13801.1
31370.2 19607.1
49515.6 33717.4
45292.8 14735.2
18479.1 43370
417.028 40726.3
28877 1857.98
43069.4 17063.6
32206.2 33436.1
43210.1 11977.1
29679.1 47235.3
40010.2 47503.3
38302.6 27419.8
4749.16 15668
25183.1 49021.4
10692.6 14610.1
5219.77 27909.6
39441.3 45237.9
10617.1 25389.2
12951.1 45746.4
23840.3 37051.2
49164.9 38678.5
25924.7 44837.3
32803.4 15513.2
46311.7 33977.8
4102.91 5879.36
38740.8 22753.7
42693.1 27499.2
24056.7 6773.9
1032.12 18843
39250.8 40949.8
15448.8 261.175
11486 19516.2
31891.7 28266
7443.49 26745.4
37830.3 18650
5812.92 44607.7
45927.8 24218.1
10697.5 39803.6
6274.7 30580.7
15733 9933.6
11447.5 1428.65
16173.8 22517.2
31620.9 6947.83
5641.62 16039.2
10544.7 38477.3
32469 13020.5
30240.5 31111
37910.6 49146.8
47517.7 1755.11
