16525.4 11526.1
23908.7 11497.8
20633.1 4843.28
7168.16 15584.6
9960.75 163.811
39306.3 13994.1
467.991 44481.8
46591 49355
11226.5 12282.9
14404.9 28204.9
18223.4 28592.2
26622.4 49415.2
32037 3367.83
38550.4 19024.1
45709.1 14454.2
1377.72 9778
14767.2 49051.2
23162.8 24403.2
6356.56 25541.6
1322.83 46066.9
42643.5 15517.2
35595.5 15494.3
39725.7 44372
18070.4 44128.7
42717.2 44073.3
19502.8 47353.3
23298.8 36396.1
30072 40068.3
33903.1 38245.8
31561.2 4842.27
48897.5 34938.2
7638.17 44956.3
18955.7 47510.4
46928.2 13602.8
31926.2 548.658
18263.4 10581.9
30201.3 2261.85
48217.6 24446.5
8820.26 49084.4
43676.2 18226.5
42568.5 46873.5
8463.6 10231.8
15301.4 48946.8
13384.6 5916.5
29063.7 9113.23
28524 8947.89
27011.7 5929.18
11836.3 48178.1
39615.4 4484.04
12338.1 23524.9
4184.05 49474.8
7398.15 41508.1
19410.6 944.597
13558.5 41458.3
2711.48 24102.9
23686.8 40261.1
37346.2 18217.4
6967.96 25124.2
43408.3 13019.1
29018.1 12452
20739 46703.7
22096.9 24376.7
49988.6 49681
6471.1 41995.4
1573.58 3508.49
2766.19 47446.2
21618.7 36367.1
44933.3 39764.2
2938.44 10767.5
30822.6 6291.17
3553.5 11395.3
26769.1 2531.25
48107.1 37468.2
25669.7 42493.2
16885.3 26787.1
763.068 11943.4
24215.2 14096.5
22878.1 24042.6
41679.1 21608.7
12090.3 40430.3
23179.7 4354.86
35880.8 6135.51
18650.8 29401.2
7972.9 13821.6
29019.8 12612.2
43726.3 17198.2
23804 11160.8
19151 47752.4
34008.2 7352.49
19794.7 45424.4
41244.1 38923.2
29774.7 41496.1
21930.3 30154.2
19418.9 44629.5
45573.3 11417.6
19513.9 7657.84
5782.36 42632.4
17628.2 28589.8
25076.2 42314.5
37234.5 20707.8
47862.5 11516.6
36028.6 42336
39764.1 42644.2
7145.32 14567.7
5744.59 45017.1
27979.2 43287.1
41089.9 40187.8
42014.7 22277.3
47235.1 35813.3
17184.6 33826.3
4317.9 36324.7
4653.54 36584.5
12112.1 30140.3
7132.94 23758.2
4665.04 15702.6
1720.98 6405.54
42189.1 39393.2
5339.67 20651.4
42303 16779.2
42865.1 43934.3
37087.9 11382.6
8375.1 29274.3
20426.4 24177.2
22494.5 14829.2
14143.2 6061.54
8980 21068.6
46883.1 45840
25146 43002.9
16164 42359.8
43491 12175.3
43066.1 7688.72
30499 7066.71
4435.03 21274.1
46887.3 45761.8
42612.8 14922.7
2861.65 21880.2
19700.1 20436.8
30544.1 18215.2
19203.5 26651.3
12096.1 11510
18538.9 47268.3
20369.5 13262.3
12267.5 45029.2
43910.5 36900.4
14339.5 8528.01
35435.4 14834
21144.9 44938.3
37176.5 18515.2
6098.02 19591.3
24552.2 47773
41849 12450.1
28500.5 39993.6
23697.3 28877
44075.5 16864.9
47463.7 46424.7
48257.2 34906.4
48069.5 39035.4
32628 43651.5
41353.2 48323.3
22772.7 40560.4
16695.3 4238.75
13806.1 32127
25134.3 49395.4
867.087 21770.8
23910.8 8687.82
41933.3 39140.5
19413.7 3627.22
5438.94 10889.8
15166.1 44305.8
4066.98 15025.8
17119.5 29298.4
1525.26 13922.7
29500.1 3703.96
27665.1 8781.6
2671.19 8683.56
35855.9 37342.2
25565 4440.19
8808.45 45217.6
33120.1 37112.4
45092.8 48432.4
17631.9 26141.9
15682.8 49530.5
43409.3 14921.2
39961.9 19779.9
13401.9 12670.3
5794.32 25364.3
17473.3 1437.45
32486.5 35109.8
2585.82 18896.4
42837 48148.9
11283.8 15272.6
13888.5 47209.4
8725.17 36633.8
12660.1 28371.1
1182.57 42881.8
16339.6 3863.42
30290.1 40856.3
42293.4 20712.6
35735.6 14819.3
20735.8 4319.22
659.787 42424.1
11552.3 15658.6
26939.7 36400.4
15972.1 46180.3
21972.3 5979.85
18852.9 15351.7
12108.9 15987.4
42404.6 18520.1
18434.2 156.742
6892.44 41003.7
9015.97 29923.1
19579.4 45544.6
19772.7 6276.03
47279.2 37498.9
27039.8 4958.99
11088 27727.5
3515.5 23772.9
12170.1 49748.8
45467.1 38244.8
39042.2 9694.7
40055.8 47304.5
3262.42 49052
37684.6 39386.9
21126 24282.7
22992.8 9990.37
3917.71 14182.9
5332.3 41925.9
31351.8 15559.8
31459.6 37907.6
5993.84 18948.3
48067.1 41396.1
8684.34 13847.9
3407.95 21167.6
41637.4 34212.9
15152.1 29361.1
14416.3 9476.6
26005.4 46561.1
6625.98 3527.22
6787.52 22856.3
10805 18136.4
16773.4 26199
2643.2 42633.4
3824.21 3347.88
31239 16801.6
15143.2 25388.6
29096.8 852.842
47080.3 31435
30689.8 299.262
42041.5 20553.5
18019.4 8000.97
26924.4 9700.69
15993.7 45775.7
27694.3 12475.7
1153.43 42106.6
43834.8 44361.2
37932.4 11318.7
12104.1 27511.1
4007.79 42446.4
34339.9 33202.5
16231.7 47412.1
23095.5 13761.6
4871.2 46117.8
4845.7 47385.3
45151.6 46309
28213.8 2798.5
37489.2 10780.4
4327.13 18537.9
37362.5 37733.6
28661.7 48341.2
40279.7 39085.8
38056.3 20924.1
11201.8 15356.4
11324.5 46428.6
1864.22 46476.7
11678.1 14880.4
19003.6 1736.98
5336.77 42564.6
21922.6 27261.4
6635.32 23829.1
33183.8 349.577
45749.1 10175.8
10710.9 10592.1
27621.1 3452.84
32221.2 35246.1
16777.4 24910
1572.02 41028.8
6707.68 43086.2
20556.9 29120.5
46156.1 35847.2
45646.1 48074.4
49689.6 36769.9
41468.6 19867.8
18385.2 2607.36
44369.6 36089.1
35057.3 39444.2
860.602 7927.81
24269.9 41465.4
37675.3 7011.5
6603.84 11745.9
8730.32 11416.3
35555.1 46173.6
48495.8 43379.7
24319.5 12791.4
18238.1 11182.5
20727.9 9130.35
17530.5 8202.68
19247.7 30593.4
10713.4 48127.6
17074 5839.32
7805.93 11159.3
26647.9 2301.82
32226.9 38898
37672.3 41335.9
43535.7 46881.8
48748.7 34948.3
16016.8 19668.9
15776.3 46859
38730 17729
20287.9 45734.8
35146.7 15995.8
1081.75 18974.7
15588.6 39553.6
16511 3892.85
35900.4 33184.6
25856.9 22031.1
33581.2 40308.7
38504.1 5756.57
37507.7 6666.24
980.117 18180.8
13523.2 40415
21685.3 45592.8
9.39284 17350.6
16908.6 6054.35
19158.3 175.334
45940.4 42356.5
1875.65 11454.1
17836.4 27054.2
33667.3 8869.98
20327.5 6245.86
8726.89 43603.9
1810.02 14586
36768.6 42892
39400.1 10113.9
17597.7 47722.7
10036.5 19783.6
37495.8 41426.6
28344.9 18400.2
6926.82 12881
37817.6 43921.8
5867.99 30243.4
12610.1 28150.3
899.805 6463.21
36901 44466.2
40408 8628.37
30472 15285
9408.72 13564.7
19784.2 25076.2
41385.9 18210.9
14903.9 24048.8
3290.04 41371.9
8689.36 24875.1
31506.8 2606.63
10696.3 21073.6
20643.7 42154.9
22347.5 11199.6
8090.09 23456.8
10049.6 18971
38358.7 34766.1
19971.8 8767.28
20101.4 12939.4
43810.2 9723.21
15571.3 4706.54
1614.33 43091.2
31309.2 33744.8
16957 39880.5
12710 25998.1
38817 17114
38699.9 49440.4
35625.4 45182
14828.5 9940.78
3169.23 17167.2
36463.4 17016.3
8585.99 29772.4
2040.22 47351.6
20875.3 8987.12
18616 40088.2
44023.4 45770.6
10300.6 26917.1
7076.55 10587.8
4552.94 46915.3
21052.9 41265.2
5102.02 12239.4
8896.52 38400.6
47042.4 34246.6
49253.9 34748.9
4949.62 41064.5
46004.3 48459.8
12219.6 19233.2
24288.5 7602.1
13709 31458.9
633.266 5836.78
122.23 43633
28168.5 25538
22296.3 49968.4
12267.1 33009.3
34107.7 23941.7
561.38 45745.1
29172 5396.82
13891.1 49297.5
17015.6 8288.6
25995.3 45618
36962 9957.45
9457.42 43858.9
15356.4 28048.9
37711 42935.7
20130 46238.3
46588.7 11623.1
23330.5 10771.6
1263.25 32978.2
9335.34 25864.7
47410.3 11692.1
23043.5 9460.63
9436.73 16892.3
3907.35 42707.5
34780.2 44909.4
22862.4 6620.78
7778.95 4760.43
8994.84 44908.4
49206.5 39892.9
8216.83 46360.8
13483.2 38294.9
46620.1 34376.5
7026.28 4439.77
41292.3 33258
31770 30442.7
36343.6 4261.37
30178.4 14931.6
35703.6 5905
22413.4 29566.4
22389.8 42136.4
23490.2 7082.51
36028.5 36890
27679.5 2255.34
48821.3 43503.7
9147.96 42444.8
7766.09 7973.06
28865.6 2018.19
4786.36 45181.9
38351.9 37735.6
39512 43129
30806.7 17728.5
16700.8 26727.1
13444.7 41167.9
43138.1 15144
44549.7 38986.6
25049.1 11338.7
4512.14 27301
13832.8 23389.5
22691.8 15628.7
6658.51 42465.4
46118.1 294.292
47479.8 47982.9
37285.9 40621.4
3643.59 17551.9
35777.3 44291.5
14405.6 26232.6
36717.5 21192.5
3772.06 43263.2
18916.2 4219.58
3142.79 14336
12031.9 41395.6
26413.1 47939.3
5807.55 7598.48
20431.3 40737.3
7438.26 5147.58
4455.78 5510.34
23897.1 5329.46
26639.3 52.8755
41213.2 42702.5
31165.9 38748.1
43037.6 7933.57
31667.4 36347.8
35491.5 4610.22
36287.6 46808.4
25979.9 4203.72
26472.3 2127.26
22067 45512.5
45293.8 40032.9
47185.4 30873.7
33234.5 1301.41
13021.3 48170.6
44610.9 6218
12638.6 16033.7
15749.5 41789.1
45524.4 46371.2
26101.5 43323.7
7989.08 15115.3
2109.83 45716.9
46853.2 49967.6
17943.7 22722.2
33974.1 49900.7
13783.5 49691.8
4450.83 4698.89
2968.37 7350.75
9099.46 29276.3
41007.2 36514.7
41408.1 11889.6
29577.4 4505.4
22243.2 28043.4
4576.4 43930.3
12637.8 27087.8
33590.1 44759.5
31297.1 37813
37090.8 7706.33
19221.7 35138.5
7624.34 39524.9
42492 11670.9
4171.47 12114.5
26422.3 17510
19362.8 22624.4
6674.86 41616.7
2085.53 9814.11
3270.48 44627
28533.5 9888.07
20660.2 227.49
16388.7 48644.4
19172.7 1343.8
33884 42944.4
10136.4 1405.34
7506.3 45691
10170.5 13398.3
21879.9 36694
10416.6 29925.2
19263.9 7720.41
5841.87 8289.65
5126.05 8120.25
9615.06 17074
21617.5 12452.6
3681.27 24021.2
28314.7 3978.11
91.6204 42062.6
33095.9 19234.9
7225.17 472.012
15023.5 32647.5
38941.8 41623.2
31133.3 15318
43318.2 45037.1
29506.4 2620.08
40752.1 25993.6
33815.6 15740.8
25529.1 49943.5
23240.6 43093.6
9800.59 49188.7
9145.08 16122
10804.3 20381.6
33427.1 45364
34154.6 16024.2
31922.1 34865.3
27017.4 11086.5
2783.45 23130.1
10933.8 22425.6
38243.6 38774.3
12121.1 27384.9
38214.1 21548.1
17458.4 48757.8
29436.6 5136.11
37182.3 41554.7
21067.1 44066
10489.6 7518.04
469.5 33394.6
21387.4 10226.7
25599.8 46001.4
2350.89 43734.2
33790.2 671.719
2917.3 20309.8
349.937 16846.2
22378.7 14277.2
46572 33809.3
9680.84 40743.5
17.8494 21357.5
38349.4 40796.8
9024.92 43975.5
35083.8 16356.3
1593.56 42373.2
47995.9 38779
2850.6 42584.9
17354.7 45128
14194.7 49251.3
14565.8 49543.1
36308.3 39626.4
16208.3 7053.7
13388.6 12619.3
18744.7 41457.9
8792.57 29064.1
5396.1 15466.9
47037.9 10742.6
13724.9 30899
22911.1 25727.8
22857.8 12530.9
18346.4 11076.3
8781.71 23852.6
9359.38 24453.8
21111.8 26668.7
19495.1 5272.75
20809.1 48289.1
25975.4 10177.1
22101.8 47251.4
44245.9 13696.6
38400.1 4325.21
14516.8 42420.8
29569.7 14555.5
28377.7 47583.1
5621.41 26514.1
10978.4 10183.4
8041.05 19671.4
20234.1 23589.5
46400.4 42797
335.322 35073.2
20509.7 25888.4
26943.6 28466.4
40187.8 44982.6
37032.7 11672
48122.8 33248.7
49838.2 1022.18
44468.8 45704.7
46508.6 43083.1
14325.3 22685.1
44400.6 38075.9
47205.3 9291.66
46442.6 41219.9
24525.3 4326.87
32430.6 33371.7
42570.4 17649.5
27917.7 10466.2
3035.78 42631.2
1332.95 5254.16
2602.54 47432.4
6611.96 47269.8
10375.1 28845.2
21253.7 48145
41236.4 11711.8
42911.4 42477.8
11428.7 48560.5
610.039 21401.8
3149.07 46659.1
48721.6 1815.49
35856 38377.9
38851.9 12842.4
49929.1 22568
37987.1 48904.8
36618.6 43199.6
17400.6 21294.1
35343.5 39666.3
13976 47978.5
5886.12 39628.5
29575.9 1415.37
7150.57 27801.7
31618.2 5060.99
45140.3 39163
47224.6 47615.5
27535 8552.66
12286.5 14149.7
20615.3 49769.2
47653 37870.5
13235.2 14609.1
11255.1 11206.4
18104.1 41349.4
18701 5515.88
35991 42924.4
21512.7 13726.5
5200.38 5820.06
10794.1 10047.1
21844.8 27429
18938.8 45949.4
37392.5 2613.12
7377.6 22566.7
4266.59 28076.1
39566.7 42377.6
34781 43512.4
38925.5 49492.3
20946.6 47901.1
28821.7 374.072
3506.73 43227.3
4178.26 42129.8
10751.4 42335.2
48888.1 49584.2
27672.6 23492.1
5098.36 8401.88
12720.9 5960.76
42814.9 41672.5
49168.2 35717.5
3892.08 22524.2
23767.9 46190.9
28081.2 21146.3
33453.8 16388.4
33936.8 47583.8
12849.2 12848.6
23457.7 37339.7
28071.2 8761.73
4892.26 26172.6
3391.3 20617.2
670.947 635.577
39378.9 39253
26297.3 22880.8
15131.9 22466.4
36236.5 5468.92
42189.3 21427.1
8932.66 22827.3
45974.7 46420.6
39762.7 48932.2
48293.6 19849.2
37232.8 5582.84
36133.4 46788.4
14659.8 30505.8
13944.1 44422.1
38111.6 20547.1
30493.8 27808.6
42293.8 17098.4
28341.9 7204.28
8681.61 4795
18419 23999.5
38424.9 38113.1
41078.6 40505.7
9175 42151.2
4315.51 27302.6
19514.5 3264.43
5710.17 17879
43788.2 42851
40473.7 45950.3
8029.68 11541.2
9795.38 41035.9
47562.2 12884.1
22482 13277.2
12291.6 22619.2
39188.4 10342.1
22435.3 485.542
12640.1 8775.92
45113.9 33677.5
42995.8 42640.5
30008.4 3939.16
38716.6 15131.7
41920.5 38760.3
42712.5 41559.1
6605.69 19876.5
15164.5 5039.1
25951.7 43744.1
35361.8 46374.8
48281.4 7593.39
45584 13990.3
2769.21 13730.7
33986.1 34003.8
32725.7 12772.8
164.193 6310.18
8369.86 10550
39546 44315.1
48555.6 8412.41
44082.8 46066
14553 21224.2
21507.4 3106.85
20930.2 27950.5
39585 46218.6
48262.3 38860.2
29584 10652.3
25677.6 7644.47
34211.7 49376.7
20946.5 1662.17
38035.7 15659.9
35551.4 37725.8
37319.5 10089.6
4191.89 11248.5
46474.5 39131.1
10932.3 44208.7
35536.6 34095.3
22851 44907.3
14927.7 21851.6
45596.8 14009.4
23707.2 37414.7
21563 8717.67
19051.8 26373.1
36539.5 46902.7
44855.2 44575.2
34484.6 21103.4
42233.1 35657.1
22007.4 25702.8
39154.9 16444
4891.51 2857.15
7513.11 23644
15888.4 42051.1
49448.5 25521.9
6332.85 9563.71
15931.1 9243.42
3914.62 42060.3
29347.9 17481.9
45851.1 36399.5
3825.43 46205.4
1827.44 21816.5
40983.7 44549.6
3182.36 11001.3
40087.4 34125.3
37058.4 49523
20247 41139.4
14797.9 31185.4
49329.7 20477.9
24498.5 3846.46
49456.5 14247.8
12595.7 17806.5
22668.3 30252
5484.56 26967.6
26396.3 48506.4
7470.5 15803.7
46046.5 39777.8
6172.61 6514.3
15546.5 39083.4
7086.1 11134.2
11502.6 14144.2
10391.5 25392.2
11465.8 10754.4
42848.4 43492.4
15884.1 32669.6
17711.4 1914.99
34155.4 20004.6
32990.4 34867.2
45025.6 33616.9
27427.9 13412.3
45473.8 13228
41228.8 13032.8
14773.3 43201.3
43214.2 17221.3
910.908 3458.06
27834.4 41895.9
249.239 7523.29
25739.8 5043.05
47310.4 13676.6
14055.6 31809.2
1768.17 9495.35
33402.8 6375.58
46807.7 9300.33
28927.1 3852.59
44349.8 13369.1
3536.89 13435.4
23144.3 24027.6
5441.82 19461.1
15190.4 34086.2
43718.2 18104.9
2167.26 11198.1
44079.3 25636.5
17504.3 21889.3
14185.6 20684.6
7172.06 8349.18
5256.44 30874.9
40141.9 49940.2
5925.85 10873.5
9964.28 36358.9
21637.4 1181.28
15052.4 31701.1
18453.3 25766.9
13797.9 26146.7
19006.9 45956.4
17994.1 9027.18
1596.16 4596.46
26811 47991.9
21473.9 6899.04
1501.75 21232.3
32222.5 13428.3
33349 13253
11666 9478.17
18459.7 46180.8
17346.8 19823
37461.7 35476.1
12092.1 23833.9
8490.73 28070.4
17339.8 4831.75
26246 22575.9
33572.4 48310.5
39034.1 46865.9
17258.9 6752.49
35515.7 48886.5
1496.94 6266.64
43479.3 15363.2
45785.1 40021.1
349.151 44989.6
32968.8 40904
3132.62 40439.2
47321.8 34222
8274.38 4679.39
24305 48458.7
8573.88 12736.8
16861.2 34838.1
38524.2 37758.8
27114.5 25007.4
25836.1 10931.8
5769.2 26024.9
21120.8 6361.55
43553.3 31456.7
32190.6 35412
42860.6 43308.8
9091.37 5527.49
15413.9 43645.6
17206.5 10022.3
11796 10570
17924.3 38995.8
32664.9 45206.5
9314.26 1331.87
8530.49 12735.7
3168.72 24647.1
44744.2 12530.4
4696.31 5058.64
4697.62 18871.3
36513.7 9288.1
49197.5 29341.1
47460.8 44675.2
232.115 18178.4
13399.5 16941.7
14782.4 32712.9
2906.38 15482.7
17467.1 36916.8
2693.47 17166.2
41617.6 19670.7
16665.6 30792.8
31913.5 43461.2
10007.7 8760.63
45416.9 27235
38457.2 43475.4
24697 47568.2
29440.8 3406.55
35850.7 12565.3
10559.3 40899.1
28565.9 48429.2
44635.6 10193.3
16092.2 47298.2
26165.4 47219.2
23136.4 10247.4
19612.6 46710.4
8492.3 9589.11
9762.21 35154
8410.57 44670.6
28511.5 11061.2
49411.7 38440.9
43465.3 46185.2
2020.35 14553.5
43325.4 46701.1
37458.9 11272.6
40439.2 42002.8
8981.09 5156.48
18701.4 48886.4
95.2356 7744.64
37082 45475.7
603.56 3663.36
47470.2 38609.2
35668.2 13523.1
24857.5 25895.7
17025.3 4031.56
977.638 35138.5
40362.7 40856.3
43968.4 47808.8
6358.25 18652.3
28313.4 47789.5
20845.4 22688.3
7082.06 34099.7
2987.23 41954.6
13703.5 9303.45
32836 13010.5
8527.89 28546.8
32816.6 42102
14214.9 22820.3
5943.61 40271.3
16548.5 45381.2
26816 3263.44
27968.6 2066.78
21698.4 38899.7
18367.8 23431.8
41643.6 48832.8
21894.6 4642.77
8510.17 6286.11
5589.84 18821.3
31245 624.182
43521.4 21740.4
20378 46063.5
21699.1 25363.4
36654.8 47401.5
12586.8 32668.3
8074.55 26796.9
10753.6 12450.8
42253.7 6552.55
48950.4 42719.8
46566.6 33819.8
12816.6 19569.4
26479.4 42470.3
22094.3 19007.3
23881.8 49827.7
3712.68 19394.5
26426.7 43615.6
3685 49793.1
222.819 29999
31487 5187.39
27021.5 6665.1
49951.5 14768.1
36780.3 26611.7
28405.3 4985.17
2810.49 47862.9
1233.42 43628.6
18156.7 13712.7
27956.4 10957.5
44293.2 20919.6
44657.6 11174.1
47963.5 36118.5
6420.41 13676.3
33100.5 36365.8
19391.3 24271
7094.6 42421.1
39181.7 41235.1
16723.2 40502.2
27658.2 41978
4636.56 40437.3
49164.9 38678.5
25558.6 43063.6
17865.6 2978.85
42163 38585.3
8521.94 20468.1
36667.3 8953.58
23620.1 6217.69
14552.3 26419.5
40589.6 47948.2
10100 17993.9
1499.71 23363.7
22776.9 14752.7
774.1 45069.4
49474.2 8879.61
6694 41438.5
42285.9 13124.1
826.85 45650.8
21474.7 30580.7
13311.4 27164.3
1832.83 11613.8
4991.51 26587.2
15114.5 2225.81
924.146 34960
16948.5 49418.5
19476.9 12566.9
16140.5 31111
49035.9 41247.6
