16322.1 11982.9
23908.7 11497.8
20429.7 4386.51
7168.16 15584.6
9613.42 523.48
39306.3 13994.1
467.991 44481.8
46591 49355
11226.5 12282.9
14404.9 28204.9
18223.4 28592.2
26622.4 49415.2
32037 3367.83
38550.4 19024.1
45709.1 14454.2
1377.72 9778
14767.2 49051.2
23162.8 24403.2
6356.56 25541.6
1322.83 46066.9
42643.5 15517.2
35595.5 15494.3
39725.7 44372
18070.4 44128.7
42717.2 44073.3
19502.8 47353.3
23731.8 36646.1
30505 40318.3
34262.8 38593.1
31072.2 4946.23
48897.5 34938.2
7638.17 44956.3
18955.7 47510.4
46928.2 13602.8
31926.2 548.658
18263.4 10581.9
30201.3 2261.85
48287.2 23951.4
8820.26 49084.4
43676.2 18226.5
42568.5 46873.5
8463.6 10231.8
15301.4 48946.8
13384.6 5916.5
29063.7 9113.23
28524 8947.89
27011.7 5929.18
11836.3 48178.1
39494.4 3998.89
12338.1 23524.9
4270.87 48982.4
7398.15 41508.1
19410.6 944.597
13558.5 41458.3
2711.48 24102.9
23686.8 40261.1
37346.2 18217.4
6967.96 25124.2
42919.2 13123.1
29018.1 12452
20739 46703.7
21942.4 23901.2
49988.6 49181
6471.1 41995.4
1573.58 3508.49
2766.19 47446.2
21618.7 36367.1
44933.3 39764.2
3402.04 10580.2
30822.6 6291.17
3553.5 11395.3
26769.1 2531.25
48107.1 37468.2
25669.7 42493.2
16885.3 26787.1
763.068 11943.4
24714.9 14079.1
22878.1 24042.6
41679.1 21608.7
12090.3 40430.3
22684.6 4424.44
35880.8 6135.51
18650.8 29401.2
7972.9 13821.6
29019.8 12612.2
43379 16838.5
23804 11160.8
19151 47752.4
33853.7 7828.02
19794.7 45424.4
41244.1 38923.2
29341.7 41246.1
21930.3 30154.2
19418.9 44629.5
45573.3 11417.6
19513.9 7657.84
6103.76 42249.4
17628.2 28589.8
25076.2 42314.5
37234.5 20707.8
47862.5 11516.6
36028.6 42336
39278.9 42765.2
7145.32 14567.7
5744.59 45017.1
27555.2 43022.1
41089.9 40187.8
42014.7 22277.3
47235.1 35813.3
16770.1 34105.9
4098.71 36774.1
4774.51 36099.3
12112.1 30140.3
7132.94 23758.2
4665.04 15702.6
1720.98 6405.54
42630.6 39158.4
5339.67 20651.4
42303 16779.2
42865.1 43934.3
37087.9 11382.6
8375.1 29274.3
20426.4 24177.2
22494.5 14829.2
14143.2 6061.54
8980 21068.6
46883.1 45840
25146 43002.9
16164 42359.8
43491 12175.3
43066.1 7688.72
30499 7066.71
4849.55 20994.5
46887.3 45761.8
42612.8 14922.7
2861.65 21880.2
19214.9 20557.8
30544.1 18215.2
18984.3 26201.9
12096.1 11510
18538.9 47268.3
20369.5 13262.3
12762.6 44959.7
44409.3 36865.5
14339.5 8528.01
35435.4 14834
21144.9 44938.3
37176.5 18515.2
6098.02 19591.3
24552.2 47773
41849 12450.1
28905 40287.5
23697.3 28877
44075.5 16864.9
47463.7 46424.7
48257.2 34906.4
48069.5 39035.4
32628 43651.5
41353.2 48323.3
22772.7 40560.4
16695.3 4238.75
14200.1 31819.2
25631.5 49343.2
867.087 21770.8
23910.8 8687.82
42227.2 39545
19413.7 3627.22
5438.94 10889.8
15166.1 44305.8
3816.98 15458.8
17119.5 29298.4
1525.26 13922.7
29500.1 3703.96
27665.1 8781.6
2671.19 8683.56
35855.9 37342.2
25427.2 4920.82
8808.45 45217.6
33120.1 37112.4
45092.8 48432.4
18107.5 25987.3
15682.8 49530.5
43409.3 14921.2
39961.9 19779.9
13401.9 12670.3
5794.32 25364.3
17473.3 1437.45
32486.5 35109.8
2585.82 18896.4
42837 48148.9
11283.8 15272.6
13888.5 47209.4
8725.17 36633.8
12660.1 28371.1
1182.57 42881.8
15850.5 3967.37
29790.4 40838.9
42480.7 20249
35735.6 14819.3
20341.8 4627.06
659.787 42424.1
11552.3 15658.6
27247.5 36794.4
15972.1 46180.3
21972.3 5979.85
18372.3 15489.5
12108.9 15987.4
42404.6 18520.1
18434.2 156.742
6892.44 41003.7
9015.97 29923.1
19973.4 45852.5
19772.7 6276.03
47279.2 37498.9
27039.8 4958.99
11088 27727.5
3515.5 23772.9
12170.1 49748.8
44997.2 38415.8
38542.5 9677.25
40055.8 47304.5
3465.78 49508.7
37684.6 39386.9
21126 24282.7
22992.8 9990.37
3454.12 14370.2
5332.3 41925.9
31351.8 15559.8
5993.84 18948.3
48067.1 41396.1
8684.34 13847.9
3407.95 21167.6
41137.7 34195.4
15152.1 29361.1
14416.3 9476.6
26005.4 46561.1
6625.98 3527.22
6787.52 22856.3
10805 18136.4
16773.4 26199
2643.2 42633.4
3348.68 3502.39
31239 16801.6
15143.2 25388.6
28713.8 1174.24
47080.3 31435
30689.8 299.262
42041.5 20553.5
18514.5 7931.39
26924.4 9700.69
15993.7 45775.7
27197.1 12527.9
1153.43 42106.6
44128.7 43956.7
37932.4 11318.7
12104.1 27511.1
3757.79 42879.4
34339.9 33202.5
16231.7 47412.1
23095.5 13761.6
4871.2 46117.8
4845.7 47385.3
45151.6 46309
28213.8 2798.5
37489.2 10780.4
4327.13 18537.9
37362.5 37733.6
28661.7 48341.2
40279.7 39085.8
38056.3 20924.1
11201.8 15356.4
11324.5 46428.6
1864.22 46476.7
11273.6 15174.3
19003.6 1736.98
5336.77 42564.6
21922.6 27261.4
6635.32 23829.1
33183.8 349.577
46070.5 9792.75
10710.9 10592.1
27621.1 3452.84
31757.6 35058.8
16777.4 24910
1572.02 41028.8
7055.01 43445.8
20081.4 29275
46156.1 35847.2
45646.1 48074.4
49689.6 36769.9
41468.6 19867.8
18385.2 2607.36
44369.6 36089.1
35057.3 39444.2
860.602 7927.81
24269.9 41465.4
37315.6 6664.17
6603.84 11745.9
8730.32 11416.3
35902.4 45813.9
48565.4 42884.6
24319.5 12791.4
18238.1 11182.5
20727.9 9130.35
17530.5 8202.68
18900.4 30233.7
10713.4 48127.6
17074 5839.32
8286.56 11021.4
26647.9 2301.82
32226.9 38898
37672.3 41335.9
43535.7 46881.8
48748.7 34948.3
16296.4 20083.4
15776.3 46859
38730 17729
20287.9 45734.8
35146.7 15995.8
1081.75 18974.7
15658.2 39058.5
16511 3892.85
35900.4 33184.6
26216.5 21683.8
33995.7 40588.3
38504.1 5756.57
37507.7 6666.24
980.117 18180.8
13523.2 40415
21302.3 45271.4
78.9794 17845.8
16908.6 6054.35
19279.2 660.482
45940.4 42356.5
1875.65 11454.1
17836.4 27054.2
33667.3 8869.98
20327.5 6245.86
8726.89 43603.9
1810.02 14586
36768.6 42892
38930.2 9942.92
17597.7 47722.7
10036.5 19783.6
37495.8 41426.6
27875.1 18229.2
6926.82 12881
37817.6 43921.8
6055.3 30707
12610.1 28150.3
899.805 6463.21
36901 44466.2
40408 8628.37
30472 15285
9408.72 13564.7
19784.2 25076.2
41385.9 18210.9
3290.04 41371.9
8689.36 24875.1
31506.8 2606.63
10696.3 21073.6
20643.7 42154.9
22347.5 11199.6
8090.09 23456.8
10049.6 18971
37883.2 34611.6
19971.8 8767.28
20101.4 12939.4
43810.2 9723.21
15571.3 4706.54
1614.33 43091.2
31309.2 33744.8
16957 39880.5
12710 25998.1
38817 17114
38699.9 49440.4
35997 45516.6
14828.5 9940.78
3169.23 17167.2
36463.4 17016.3
8585.99 29772.4
2194.72 46876.1
20875.3 8987.12
19057.5 40322.9
44512.5 45666.6
10300.6 26917.1
7076.55 10587.8
4552.94 46915.3
21052.9 41265.2
5102.02 12239.4
8896.52 38400.6
47042.4 34246.6
49253.9 34748.9
4949.62 41064.5
46004.3 48459.8
12219.6 19233.2
24288.5 7602.1
13709 31458.9
633.266 5836.78
122.23 43633
27949.3 25088.6
22296.3 49968.4
12454.4 33472.9
34020.9 23449.3
311.38 46178.2
29172 5396.82
13891.1 49297.5
17015.6 8288.6
25995.3 45618
36962 9957.45
9457.42 43858.9
15356.4 28048.9
37711 42935.7
20130 46238.3
46588.7 11623.1
23330.5 10771.6
1013.25 33411.2
9335.34 25864.7
47410.3 11692.1
23043.5 9460.63
9436.73 16892.3
3907.35 42707.5
35229.6 45128.6
22862.4 6620.78
7419.28 5107.76
8994.84 44908.4
49206.5 39892.9
8216.83 46360.8
13483.2 38294.9
46620.1 34376.5
7026.28 4439.77
31271.2 30407.8
36343.6 4261.37
30178.4 14931.6
35703.6 5905
22413.4 29566.4
22389.8 42136.4
23490.2 7082.51
27679.5 2255.34
48821.3 43503.7
9147.96 42444.8
7766.09 7973.06
28865.6 2018.19
4786.36 45181.9
38351.9 37735.6
39014.8 43076.7
30806.7 17728.5
16700.8 26727.1
13444.7 41167.9
43138.1 15144
44549.7 38986.6
25512.7 11151.4
4512.14 27301
13832.8 23389.5
22691.8 15628.7
6728.1 42960.5
45618.4 311.742
47479.8 47982.9
3643.59 17551.9
35777.3 44291.5
14405.6 26232.6
37159 20957.8
3772.06 43263.2
18916.2 4219.58
3422.38 14750.5
12031.9 41395.6
26413.1 47939.3
5807.55 7598.48
20431.3 40737.3
7438.26 5147.58
4455.78 5510.34
23897.1 5329.46
26832.2 282.689
41213.2 42702.5
31459.8 39152.6
43037.6 7933.57
32162.5 36278.2
35491.5 4610.22
36287.6 46808.4
25979.9 4203.72
26472.3 2127.26
22500 45762.5
45293.8 40032.9
33234.5 1301.41
13484.9 48357.9
44147.3 6030.7
12224 16313.3
15749.5 41789.1
45611.3 45878.8
26101.5 43323.7
7989.08 15115.3
2109.83 45716.9
47353.2 49967.6
17943.7 22722.2
33475.3 49865.8
13783.5 49691.8
4129.44 5081.91
2968.37 7350.75
9099.46 29276.3
40512.1 36584.3
41408.1 11889.6
29096.8 4367.58
22243.2 28043.4
4576.4 43930.3
12637.8 27087.8
33590.1 44759.5
31297.1 37813
37090.8 7706.33
19425.1 34681.7
7624.34 39524.9
42492 11670.9
4171.47 12114.5
26267.8 17034.5
19362.8 22624.4
6674.86 41616.7
2085.53 9814.11
3769.27 44592.1
28533.5 9888.07
20660.2 227.49
16845.4 48847.8
19172.7 1343.8
34134 43377.4
9753.35 1083.94
7506.3 45691
10049.6 12913.2
21879.9 36694
10416.6 29925.2
19263.9 7720.41
5841.87 8289.65
4906.87 8569.64
9615.06 17074
21617.5 12452.6
4075.28 24329
28314.7 3978.11
91.6204 42562.6
32626 19405.9
6736.09 368.057
15023.5 32647.5
39079.7 42103.8
30634.5 15283.1
43318.2 45037.1
29506.4 2620.08
40532.9 25544.2
33815.6 15740.8
25529.1 49943.5
23240.6 43093.6
9800.59 49188.7
9145.08 16122
10804.3 20381.6
33427.1 45364
34154.6 16024.2
31922.1 34865.3
27017.4 11086.5
3197.97 23409.7
10933.8 22425.6
38243.6 38774.3
12121.1 27384.9
38214.1 21548.1
17458.4 48757.8
29436.6 5136.11
37182.3 41554.7
21067.1 44066
10489.6 7518.04
452.051 33894.3
21387.4 10226.7
25599.8 46001.4
2350.89 43734.2
33790.2 671.719
2917.3 20309.8
349.937 16846.2
22378.7 14277.2
46572 33809.3
9680.84 40743.5
17.8494 21357.5
38349.4 40796.8
9024.92 43975.5
35083.8 16356.3
1593.56 42373.2
47995.9 38779
2850.6 42584.9
17354.7 45128
14194.7 49251.3
14565.8 49543.1
36104.9 39169.6
16208.3 7053.7
13388.6 12619.3
18744.7 41457.9
8792.57 29064.1
5396.1 15466.9
47037.9 10742.6
13724.9 30899
22911.1 25727.8
22857.8 12530.9
18346.4 11076.3
8851.3 24347.8
9578.57 24903.2
21111.8 26668.7
19495.1 5272.75
20809.1 48289.1
25975.4 10177.1
22101.8 47251.4
44245.9 13696.6
37911 4221.25
14516.8 42420.8
29569.7 14555.5
28612.4 48024.6
5145.88 26668.6
10978.4 10183.4
8041.05 19671.4
20234.1 23589.5
46400.4 42797
197.503 35553.8
20509.7 25888.4
27237.5 28870.9
40187.8 44982.6
37032.7 11672
48122.8 33248.7
49890.4 524.915
44451.3 45205
46508.6 43083.1
14684.9 22337.7
44400.6 38075.9
47205.3 9291.66
46442.6 41219.9
24525.3 4326.87
32343.7 32879.3
42570.4 17649.5
27917.7 10466.2
3088.05 43128.5
1332.95 5254.16
2602.54 47432.4
6611.96 47269.8
10375.1 28845.2
21253.7 48145
41236.4 11711.8
42911.4 42477.8
11428.7 48560.5
610.039 21401.8
3149.07 46659.1
48251.7 1644.48
35856 38377.9
38851.9 12842.4
49946.6 22068.3
37987.1 48904.8
36618.6 43199.6
17400.6 21294.1
35343.5 39666.3
13976 47978.5
5886.12 39628.5
29575.9 1415.37
7626.1 27956.2
31618.2 5060.99
45140.3 39163
47224.6 47615.5
27535 8552.66
12286.5 14149.7
20615.3 49769.2
47653 37870.5
13235.2 14609.1
11255.1 11206.4
18104.1 41349.4
18203.8 5568.15
35991 42924.4
21512.7 13726.5
5200.38 5820.06
10294.4 10064.6
21844.8 27429
18938.8 45949.4
36978 2333.52
7377.6 22566.7
4266.59 28076.1
39566.7 42377.6
34781 43512.4
39012.3 48999.9
20946.6 47901.1
28821.7 374.072
3506.73 43227.3
4178.26 42129.8
10751.4 42335.2
48505 49262.8
27192 23354.3
5098.36 8401.88
12720.9 5960.76
42814.9 41672.5
49168.2 35717.5
3892.08 22524.2
23767.9 46190.9
27801.6 20731.8
33453.8 16388.4
34429.2 47497
12849.2 12848.6
23457.7 37339.7
28071.2 8761.73
4892.26 26172.6
3391.3 20617.2
549.986 1120.73
39378.9 39253
26297.3 22880.8
15131.9 22466.4
36236.5 5468.92
42189.3 21427.1
8932.66 22827.3
45974.7 46420.6
40097.3 48560.6
48122.6 19379.4
37232.8 5582.84
36133.4 46788.4
14659.8 30505.8
13463.5 44560
38111.6 20547.1
30743.8 27375.6
42293.8 17098.4
28341.9 7204.28
8681.61 4795
18419 23999.5
38424.9 38113.1
41078.6 40505.7
9175 42151.2
4315.51 27302.6
19514.5 3264.43
5710.17 17879
43788.2 42851
40473.7 45950.3
8029.68 11541.2
9795.38 41035.9
47562.2 12884.1
22957.5 13431.7
12291.6 22619.2
39629.9 10107.4
22435.3 485.542
12142.8 8828.19
45113.9 33677.5
42995.8 42640.5
30008.4 3939.16
38716.6 15131.7
41920.5 38760.3
42712.5 41559.1
6605.69 19876.5
14843.1 5422.13
25951.7 43744.1
35361.8 46374.8
48281.4 7593.39
45088.9 14059.9
2769.21 13730.7
33986.1 34003.8
32725.7 12772.8
146.744 6809.87
8369.86 10550
39546 44315.1
48555.6 8412.41
44082.8 46066
14553 21224.2
21507.4 3106.85
20930.2 27950.5
39585 46218.6
48262.3 38860.2
29584 10652.3
25677.6 7644.47
34446.4 49818.1
20946.5 1662.17
38035.7 15659.9
35551.4 37725.8
37319.5 10089.6
4191.89 11248.5
46474.5 39131.1
11432 44191.2
35536.6 34095.3
22851 44907.3
14927.7 21851.6
45596.8 14009.4
23707.2 37414.7
21563 8717.67
19051.8 26373.1
36539.5 46902.7
44855.2 44575.2
34014.8 21274.5
41733.1 35657.1
21742.4 26126.8
39154.9 16444
4583.67 2463.14
7513.11 23644
16302.9 42330.7
49465.9 25022.2
6332.85 9563.71
15931.1 9243.42
3914.62 42060.3
29000.5 17841.6
45851.1 36399.5
3825.43 46205.4
1656.43 22286.3
40983.7 44549.6
3182.36 11001.3
39595 34038.5
37558.1 49540.4
20247 41139.4
14797.9 31185.4
49126.3 20021.1
24498.5 3846.46
49032.5 14512.8
12595.7 17806.5
23138.2 30423.1
4995.49 27071.5
26396.3 48506.4
7470.5 15803.7
46046.5 39777.8
6172.61 6514.3
15546.5 39083.4
7086.1 11134.2
11502.6 14144.2
10391.5 25392.2
11465.8 10754.4
42848.4 43492.4
15884.1 32669.6
17711.4 1914.99
33783.9 19670.1
32990.4 34867.2
45025.6 33616.9
27427.9 13412.3
45059.2 13507.6
41228.8 13032.8
14773.3 43201.3
43214.2 17221.3
910.908 3458.06
27342 41982.7
249.239 7523.29
25739.8 5043.05
47310.4 13676.6
14055.6 31809.2
2076 9889.36
33402.8 6375.58
46344.1 9113.03
28927.1 3852.59
44657.6 12975.1
3536.89 13435.4
23144.3 24027.6
5441.82 19461.1
15242.7 34583.5
43718.2 18104.9
2167.26 11198.1
43732 25276.9
17504.3 21889.3
14185.6 20684.6
7172.06 8349.18
5506.44 30441.9
40141.9 49940.2
5925.85 10873.5
10258.2 35954.3
21637.4 1181.28
15052.4 31701.1
18453.3 25766.9
13797.9 26146.7
19006.9 45956.4
17570.1 8762.22
1248.83 4956.13
26811 47991.9
21473.9 6899.04
1501.75 21232.3
32222.5 13428.3
33349 13253
12135.9 9649.18
18929.6 46351.8
17039 20217
12092.1 23833.9
8543 27573.2
16883.1 4628.38
26246 22575.9
33852 47896
39438.6 47159.8
17008.9 7185.5
35979.3 49073.8
1496.94 6266.64
43479.3 15363.2
45785.1 40021.1
296.887 45486.8
33276.7 41298
3132.62 40439.2
47321.8 34222
7927.05 4319.72
24305 48458.7
8573.88 12736.8
17275.8 35117.7
38524.2 37758.8
27474.1 24660
25836.1 10931.8
5769.2 26024.9
21120.8 6361.55
43366 30993.1
32687.9 35359.8
42860.6 43308.8
9091.37 5527.49
15413.9 43645.6
17206.5 10022.3
11796 10570
17924.3 38995.8
32664.9 45206.5
8954.59 1679.2
8530.49 12735.7
3583.24 24926.7
44744.2 12530.4
4696.31 5058.64
4697.62 18871.3
36513.7 9288.1
49569.1 29006.5
47460.8 44675.2
232.115 18178.4
13451.8 17438.9
14782.4 32712.9
2906.38 15482.7
17670.4 37373.5
2693.47 17166.2
41617.6 19670.7
17000.2 31164.4
31913.5 43461.2
10007.7 8760.63
45696.5 26820.5
38457.2 43475.4
24697 47568.2
29440.8 3406.55
35850.7 12565.3
10559.3 40899.1
28182.9 48107.8
44635.6 10193.3
16109.6 47797.9
26165.4 47219.2
23136.4 10247.4
19612.6 46710.4
8492.3 9589.11
9379.19 35475.4
8410.57 44670.6
28511.5 11061.2
49411.7 38440.9
43465.3 46185.2
2020.35 14553.5
43325.4 46701.1
37458.9 11272.6
40439.2 42002.8
8981.09 5156.48
18701.4 48886.4
95.2356 8244.64
37082 45475.7
603.56 3663.36
47470.2 38609.2
35668.2 13523.1
24474.4 25574.3
17025.3 4031.56
1148.65 35608.4
40362.7 40856.3
43968.4 47808.8
6358.25 18652.3
28313.4 47789.5
20845.4 22688.3
7465.08 34421.1
2752.49 42396.1
13703.5 9303.45
32836 13010.5
8527.89 28546.8
33258 42336.8
14214.9 22820.3
5943.61 40271.3
16548.5 45381.2
26729.2 2771.03
27968.6 2066.78
21698.4 38899.7
18367.8 23431.8
41643.6 48832.8
21894.6 4642.77
8510.17 6286.11
5589.84 18821.3
31245 624.182
43521.4 21740.4
20378 46063.5
21699.1 25363.4
36654.8 47401.5
12215.3 33002.8
8309.29 26355.4
10753.6 12450.8
41974.1 6967.07
48950.4 42719.8
46566.6 33819.8
12402.1 19849
26479.4 42470.3
22543.7 18788.1
23881.8 49827.7
3992.28 19809
26426.7 43615.6
3822.82 49312.5
170.555 30496.3
31487 5187.39
27021.5 6665.1
49830.5 14283
36281.5 26576.9
27972.3 4735.17
2810.49 47862.9
1233.42 43628.6
17922 14154.2
27956.4 10957.5
44293.2 20919.6
44657.6 11174.1
47963.5 36118.5
6420.41 13676.3
33100.5 36365.8
19391.3 24271
7359.56 42845.1
39181.7 41235.1
16723.2 40502.2
28072.8 41698.4
4144.16 40524.2
49164.9 38678.5
25558.6 43063.6
17482.6 2657.45
42163 38585.3
8815.83 20872.6
36512.8 8478.06
23620.1 6217.69
15041.4 26523.5
40589.6 47948.2
9979.05 18479.1
1499.71 23363.7
22776.9 14752.7
603.09 45539.2
49474.2 8879.61
6694 41438.5
42285.9 13124.1
826.85 45650.8
21474.7 30580.7
13311.4 27164.3
1746 12106.2
4991.51 26587.2
14911.1 2682.59
803.185 35445.2
16948.5 49418.5
19476.9 12566.9
16140.5 31111
49035.9 41247.6
