33951.5 13168.8
36286.2 49227.4
8739.76 47975.4
9713.53 22032.7
27866.4 18342.3
7848.85 3057.38
7502.89 35084.2
34155.3 24980.8
35109.1 38523.7
13338.1 11180.4
18925.8 24182.7
24652.6 35872.7
4541.69 14370.4
37932.4 20868
20481.6 6089.62
39194.7 29108.2
34038.2 7620.5
13098.4 46996
40536.2 14992.1
23110.5 36412.3
21208.8 41430.2
45693.9 25638.3
35644.2 25615.6
13513.4 33374.5
16765.5 16787.3
3640.2 41155.9
19478.9 48644
9567.03 21359.1
29755 25323.9
35026.3 31253.8
38665.9 7410.23
45336.1 10172.3
21450 26175.7
4654.53 14833.6
28193.5 49563.9
19685.5 22865.9
40334.1 15421.5
31613.7 9981.38
33417.6 46886.9
15618.7 26521.1
28879.6 40559.7
3107.5 37193.4
24922.7 3847.3
30040 32078.7
12666.3 21609
40418.1 38167.1
44636.6 25432.4
47880.8 41584.6
10643.2 22153
749.425 36050.7
49344.4 333.286
2167.67 34590.8
44919.4 39083.7
36614.7 10210.9
35656.2 33930.4
12409.5 19321.4
8896.38 16217.5
41236.1 26818.3
25089.9 19307.9
19430.4 1566.72
15216.6 43271.9
34271.4 49015.7
20441.1 37351.6
6971.1 2565.87
35232.9 21123.9
41202.5 42335.5
36661.4 1070.75
45506.9 11171.1
20964.4 91.9765
45194.8 46648.8
32939.4 40574.2
4053.25 9261.22
10746.7 45878.1
39085.2 2856.46
49068.4 13672.7
28264.3 45272
33025.9 31620.8
7562.71 21623
4921.5 31504.7
8681.43 9451.72
41697.3 29144.9
6326.93 48208.7
8762.18 47417.6
37661.8 26880.7
16249.6 47520.6
30336 39896.1
14653.3 32209.3
33877.4 21203.2
4037.34 13496.4
12354 45307.5
47004.1 13117.3
46955.4 11241.7
45242.1 29127
40712.3 32746
35720.3 13318.5
28756.3 35444.2
43458.1 49998.4
8740.32 8209.19
29861.3 10027.6
44026.7 14824.3
6366.84 33041
49780 37795.7
48454.7 23447.7
1928.11 44142.3
35733.4 18031.8
5464.75 44244.5
9768.03 2150.93
34732.1 1606.87
38177.1 11289.4
2406.72 7142.85
23989.3 33479.7
29083.5 425.281
33955.4 47080.5
3408.66 27220.6
34989.3 41594.6
37350.8 14796.9
6607.83 5441.05
45844.8 12288.8
31456.2 30855.4
18974 32.9787
11554.5 7059
32623.4 19900.1
45516.7 36249.9
12863.5 44628.7
10031.2 48398
16552.2 9383.17
32079.7 38546.5
6302.51 23734.6
6556.56 7128.31
21024.3 42060.6
44899.9 10887.5
30606 11405.6
10123.2 21123.9
26718.5 40325.7
19862 18624.8
22242.3 19260.1
10577.5 22250
22693.6 2588.17
40133 25260.9
32292.1 30365.5
3029.21 2302.92
26797.5 34452.2
48955.3 19381.1
43680.4 7644.61
7457.04 24269.5
15465.4 32716.7
5569.73 44896.6
16528.1 47352.6
31319.4 18214
15629.8 7510.28
9898.84 16502.9
44649.4 1816
918.114 13786.4
654.598 46427.4
47311.1 19949.7
30439 10136.5
8755.8 42615.1
247.214 25054.8
30227.7 13460.1
25371.2 10086
15054.8 24530.2
4935.78 18015.8
4637.36 24461.5
51.005 48119.4
14056.2 43715
1401.95 28819.9
47986.8 38147.4
29819.8 10949
32659.5 21566.7
44874.2 43177
14944.9 41604.1
31075.5 85.9661
11706.2 18503.4
2383.13 38752
10129.4 40293.3
26573.3 30681.3
23929.7 7540.12
48438.2 15935.4
2246.7 21623.7
26289.8 49722
24638.8 41141.7
46210.9 89.6856
17478.4 17780.7
33137.7 9992.84
7874.32 21231.4
12643.3 37082.9
41071.9 42569.9
43063.3 37359.5
2395.26 7671.6
43023.7 43466.1
43376.6 46187.4
45811.4 15138.7
30419.2 8999
12962.4 41608.1
496.993 39112.6
14500.8 7090.76
29061.8 32855.9
47081.8 38979.3
23637.7 47255.3
28160.8 28911.1
10400.2 33984.5
20612.6 9425.48
15210.3 37693.7
32803.1 15481.1
49008.9 381.437
40436.6 40403.8
31214.3 12580.5
39689.8 24669
10458.9 37189.5
6426.54 38851.1
36363 16246.6
32608.8 34824
25248.5 37190.9
42942.4 45550.9
943.748 6883.93
4670.83 5956.68
26605.9 21355
43837.9 35291.7
17329.1 4626.56
15571.1 9968.4
21639.7 10193.5
11981.7 36139.2
36980.8 26473.5
30163 7800.45
45416.6 5420.58
3767.62 6207.35
22356.9 33060
39938.9 6447.7
29624.3 44447.4
42068.6 35867.2
10641 38729.9
6034.05 19275.3
39115.7 20108.3
14469.3 28524.2
5036.69 27708.2
21893.4 19937.9
1091.21 3492.81
25850.8 44665.3
