17664.3 8968.22
23908.7 11497.8
21772 7401.21
7168.16 15584.6
11898 1756.59
38726 13602.7
467.991 44481.8
46591 49355
11226.5 12282.9
14404.9 28204.9
18223.4 28592.2
26622.4 49415.2
32037 3367.83
38550.4 19024.1
45709.1 14454.2
1377.72 9778
14767.2 49051.2
23162.8 24403.2
6356.56 25541.6
1322.83 46066.9
42643.5 15517.2
35595.5 15494.3
39725.7 44372
18070.4 44128.7
42717.2 44073.3
19502.8 47353.3
20873.9 34996.1
27647.1 38668.3
31888.9 36300.7
34300.1 4260.12
48897.5 34938.2
6965.28 44763.4
18955.7 47510.4
46928.2 13602.8
31926.2 548.658
18263.4 10581.9
30201.3 2261.85
47827.9 27219.3
8820.26 49084.4
43676.2 18226.5
42568.5 46873.5
8134.97 9613.73
15301.4 48946.8
13384.6 5916.5
29063.7 9113.23
28524 8947.89
27011.7 5929.18
11143.1 48080.7
40292.7 7200.86
12338.1 23524.9
1930.65 49585.2
7398.15 41508.1
19410.6 944.597
13558.5 41458.3
2711.48 24102.9
23686.8 40261.1
37346.2 18217.4
6967.96 25124.2
46147.1 12437
29018.1 12452
20739 46703.7
22962.2 27039.7
47588.6 49981
6471.1 41995.4
1573.58 3508.49
2766.19 47446.2
21618.7 36367.1
44933.3 39764.2
342.33 11816.4
30822.6 6291.17
3553.5 11395.3
26769.1 2531.25
48107.1 37468.2
25669.7 42493.2
16885.3 26787.1
763.068 11943.4
21416.9 14194.2
22878.1 24042.6
41679.1 21608.7
12090.3 40430.3
25952.5 3965.17
35880.8 6135.51
18650.8 29401.2
7972.9 13821.6
29019.8 12612.2
45671.4 19212.3
23804 11160.8
19151 47752.4
34873.4 4689.53
19794.7 45424.4
40595.1 39185.4
32199.6 42896.1
21930.3 30154.2
19418.9 44629.5
45573.3 11417.6
19513.9 7657.84
37959.8 31651.9
3982.56 44777.3
17628.2 28589.8
25076.2 42314.5
37234.5 20707.8
47471 10936.3
36028.6 42336
42480.9 41966.8
7145.32 14567.7
5744.59 45017.1
30353.7 44770.9
41089.9 40187.8
42014.7 22277.3
47235.1 35813.3
19505.9 32260.5
5545.34 33808
3976.16 39301.3
12112.1 30140.3
49152.9 11653
7132.94 23758.2
4665.04 15702.6
1720.98 6405.54
39716.9 40707.7
5339.67 20651.4
42303 16779.2
42865.1 43934.3
37087.9 11382.6
8375.1 29274.3
20426.4 24177.2
22494.5 14829.2
14574.2 5509.93
8980 21068.6
46883.1 45840
25146 43002.9
16164 42359.8
43491 12175.3
43066.1 7688.72
30499 7066.71
2113.72 22839.8
46887.3 45761.8
42612.8 14922.7
2861.65 21880.2
22416.9 19759.4
30544.1 18215.2
20430.9 29167.9
12096.1 11510
18538.9 47268.3
20369.5 13262.3
9494.71 45418.9
41117.3 37095.7
33984.1 11606.5
14339.5 8528.01
35435.4 14834
21144.9 44938.3
37176.5 18515.2
6098.02 19591.3
24552.2 47773
42155.8 11821
26235.2 38347.8
23412.6 29516.4
44075.5 16864.9
47463.7 46424.7
47788.9 35426.6
48069.5 39035.4
32628 43651.5
41353.2 48323.3
22772.7 40560.4
16005.9 4117.19
11599.6 33850.9
22349.6 49688.1
218.058 21508.5
23910.8 8687.82
40287.5 36875.3
19413.7 3627.22
40547 33808.4
5438.94 10889.8
15717.7 44736.7
5466.98 12600.9
17119.5 29298.4
1525.26 13922.7
29500.1 3703.96
27665.1 8781.6
2671.19 8683.56
35855.9 37342.2
26336.8 1748.65
8808.45 45217.6
32480.7 37397.1
45092.8 48432.4
14969 27007.1
15682.8 49530.5
43409.3 14921.2
39961.9 19779.9
13401.9 12670.3
5794.32 25364.3
17473.3 1437.45
32486.5 35109.8
2585.82 18896.4
42837 48148.9
11283.8 15272.6
13888.5 47209.4
8725.17 36633.8
12660.1 28371.1
1182.57 42881.8
19078.4 3281.26
33088.4 40954.1
41244.5 23308.7
35735.6 14819.3
22942.3 2595.37
659.787 42424.1
11552.3 15658.6
25215.8 34193.9
15972.1 46180.3
22638 5763.54
21544.5 14579.9
12108.9 15987.4
42404.6 18520.1
41009.3 36381.1
18434.2 156.742
6892.44 41003.7
9015.97 29923.1
17373 43820.8
19772.7 6276.03
47279.2 37498.9
27039.8 4958.99
11088 27727.5
3515.5 23772.9
12170.1 49748.8
48098.2 37287.1
41840.5 9792.42
40055.8 47304.5
2123.55 46494
37684.6 39386.9
21126 24282.7
22992.8 9990.37
6513.83 13134
5332.3 41925.9
31351.8 15559.8
31459.6 37907.6
5993.84 18948.3
48067.1 41396.1
8684.34 13847.9
4097.32 21046
44435.7 34310.6
14512.6 29076.4
14416.3 9476.6
26005.4 46561.1
6625.98 3527.22
6787.52 22856.3
42717.7 36017.1
10805 18136.4
16773.4 26199
2643.2 42633.4
6487.17 2482.63
31239 16801.6
15143.2 25388.6
30992.5 1089.68
47080.3 31435
30689.8 299.262
42041.5 20553.5
15246.7 8390.66
26924.4 9700.69
15993.7 45775.7
30479 12183
1153.43 42106.6
42189 46626.5
37932.4 11318.7
12104.1 27511.1
5407.79 40021.5
34339.9 33202.5
16231.7 47412.1
23095.5 13761.6
4725.66 46802.5
4845.7 47385.3
45151.6 46309
28213.8 2798.5
37489.2 10780.4
4302.7 17838.3
37362.5 37733.6
28661.7 48341.2
40279.7 39085.8
38056.3 20924.1
11201.8 15356.4
11324.5 46428.6
1864.22 46476.7
13943.3 13234.6
19003.6 1736.98
5336.77 42564.6
21922.6 27261.4
6635.32 23829.1
33183.8 349.577
43949.3 12320.7
33648.9 10461.8
10710.9 10592.1
27621.1 3452.84
35087.8 38476.2
34817.4 36295
16777.4 24910
1572.02 41028.8
4762.64 41072
23219.9 28255.2
46156.1 35847.2
45646.1 48074.4
49689.6 36769.9
41468.6 19867.8
18385.2 2607.36
44369.6 36089.1
35057.3 39444.2
860.602 7927.81
24269.9 41465.4
39689.5 8956.55
6603.84 11745.9
8730.32 11416.3
33610 48187.7
48106.1 46152.4
24319.5 12791.4
18238.1 11182.5
20727.9 9130.35
17530.5 8202.68
21192.7 32607.6
10713.4 48127.6
16374.5 5814.89
5114.4 11931
26647.9 2301.82
32226.9 38898
37672.3 41335.9
43535.7 46881.8
48748.7 34948.3
14451.1 17347.6
15776.3 46859
38730 17729
20287.9 45734.8
38402.7 34821.1
35146.7 15995.8
1081.75 18974.7
15198.9 42326.3
17176.8 4109.16
35900.4 33184.6
23842.7 23976.2
31259.9 38743
38504.1 5756.57
37507.7 6666.24
1053.29 17484.7
13523.2 40415
23830.3 47392.6
2683.12 16974.9
16908.6 6054.35
46158.6 38410
19957.4 2140.38
45940.4 42356.5
1875.65 11454.1
17836.4 27054.2
33667.3 8869.98
19877.5 6782.09
8726.89 43603.9
2449.5 14301.2
36768.6 42892
42031.2 11071.6
17597.7 47722.7
10036.5 19783.6
37350.3 42111.3
30976.1 19357.9
6926.82 12881
37817.6 43921.8
4819.09 27647.3
12610.1 28150.3
899.805 6463.21
36901 44466.2
40408 8628.37
30472 15285
9408.72 13564.7
19784.2 25076.2
40713 18017.9
14903.9 24048.8
3290.04 41371.9
8689.36 24875.1
31003.3 2120.37
10696.3 21073.6
20643.7 42154.9
22347.5 11199.6
8090.09 23456.8
10049.6 18971
41021.6 35631.4
19971.8 8767.28
20101.4 12939.4
43810.2 9723.21
15571.3 4706.54
1614.33 43091.2
31309.2 33744.8
16957 39880.5
13359 26260.3
38817 17114
38699.9 49440.4
33544.6 43308.4
14828.5 9940.78
3169.23 17167.2
36463.4 17016.3
8585.99 29772.4
1205.87 49919.5
20875.3 8987.12
16143.8 38773.7
41284.6 46352.7
10300.6 26917.1
7076.55 10587.8
4552.94 46915.3
21052.9 41265.2
5102.02 12239.4
8896.52 38400.6
47042.4 34246.6
49253.9 34748.9
4949.62 41064.5
33764.3 10289.1
46004.3 48459.8
12219.6 19233.2
24288.5 7602.1
13709 31458.9
633.266 5836.78
122.23 43633
29396 28054.6
22296.3 49968.4
11218.2 30413.2
34593.9 26699.2
1961.38 43320.3
29172 5396.82
13891.1 49297.5
17015.6 8288.6
25995.3 45618
36962 9957.45
9457.42 43858.9
15356.4 28048.9
39405.6 35215.1
37711 42935.7
20130 46238.3
46022.4 12034.6
23330.5 10771.6
2663.25 30553.3
9335.34 25864.7
47410.3 11692.1
23043.5 9460.63
9436.73 16892.3
3907.35 42707.5
32263.6 43681.9
22862.4 6620.78
9793.1 2815.38
8994.84 44908.4
49206.5 39892.9
8216.83 46360.8
13483.2 38294.9
46620.1 34376.5
7026.28 4439.77
41292.3 33258
34563.2 30638
36343.6 4261.37
30178.4 14931.6
35703.6 5905
22413.4 29566.4
22389.8 42136.4
22800.8 6960.96
36028.5 36890
27679.5 2255.34
48821.3 43503.7
9147.96 42444.8
7766.09 7973.06
28865.6 2718.19
29853.9 39560.7
4786.36 45181.9
38351.9 37735.6
42296.7 43421.6
30806.7 17728.5
16094.5 27077.1
13444.7 41167.9
43138.1 15144
44549.7 38986.6
22453 12387.6
4512.14 27301
13159.9 23196.5
22691.8 15628.7
6268.83 39692.6
48916.4 196.573
46786.6 47885.5
39917 41579
3643.59 17551.9
35777.3 44291.5
14405.6 26232.6
34245.3 22507
3772.06 43263.2
18916.2 4219.58
37136.2 33413
1577.05 12014.7
12031.9 41395.6
26413.1 47939.3
5807.55 7598.48
20431.3 40737.3
7438.26 5147.58
4455.78 5510.34
23897.1 5329.46
28439.1 2197.8
41213.2 42702.5
29520.1 36482.9
43037.6 7933.57
28894.6 36737.5
35491.5 4610.22
36287.6 46808.4
25979.9 4203.72
26472.3 2127.26
19642.1 44112.5
45293.8 40032.9
47185.4 30873.7
33234.5 1301.41
10425.2 47121.7
47207 7266.9
14959.9 14467.9
15749.5 41789.1
45038.2 49128.7
26101.5 43323.7
7989.08 15115.3
2109.83 45716.9
44053.2 49967.6
17943.7 22722.2
34173.6 49914.6
13783.5 49691.8
6250.64 2553.96
2968.37 7350.75
9099.46 29276.3
43779.9 36125
40715 11987
32268.9 5277.18
22243.2 28043.4
4576.4 43930.3
12008.6 26780.9
33590.1 44759.5
31297.1 37813
37090.8 7706.33
18082.9 37696.4
7624.34 39524.9
48262.6 29588.8
42492 11670.9
4171.47 12114.5
27287.6 20173
19362.8 22624.4
6674.86 41616.7
2085.53 9814.11
477.305 44822.3
28558 9188.49
20660.2 227.49
13830.7 47505.6
19172.7 1343.8
32484 40519.5
12281.3 3205.14
7506.3 45691
37722.3 37228.7
10847.9 16115.2
21879.9 36694
10416.6 29925.2
19263.9 7720.41
5841.87 8289.65
6353.49 5603.62
9615.06 17074
21617.5 12452.6
1474.84 22297.3
28314.7 3978.11
91.6204 39262.6
35727 18277.3
9963.98 1054.17
15023.5 32647.5
38170 38931.7
41873.5 35501.7
33926.5 15513.3
43318.2 45037.1
29506.4 2620.08
41979.5 28510.2
33815.6 15740.8
25529.1 49943.5
23240.6 43093.6
9800.59 49188.7
9145.08 16122
11384.6 19990.2
32019.7 10701.9
33427.1 45364
34154.6 16024.2
31922.1 34865.3
27017.4 11086.5
462.144 21564.4
10933.8 22425.6
38243.6 38774.3
43004.2 35298
12121.1 27384.9
38214.1 21548.1
17458.4 48757.8
29436.6 5136.11
37182.3 41554.7
21067.1 44066
10489.6 7518.04
36283.3 40314.8
567.219 30596.3
21387.4 10226.7
25599.8 46001.4
2350.89 43734.2
33132.4 911.133
2917.3 20309.8
349.937 16846.2
43096.1 33351.9
22378.7 14277.2
46572 33809.3
9680.84 40743.5
17.8494 21357.5
38349.4 40796.8
9024.92 43975.5
35083.8 16356.3
1593.56 42373.2
47995.9 38779
2850.6 42584.9
17354.7 45128
14194.7 49251.3
14565.8 49543.1
37447.1 42184.3
35347.6 9459.06
16208.3 7053.7
13388.6 12619.3
19248.3 40971.7
8442.57 28457.9
5396.1 15466.9
47037.9 10742.6
13724.9 30899
38980.9 33899.3
22911.1 25727.8
22857.8 12530.9
18200.9 10391.6
8392.03 21079.9
8131.94 21937.1
21111.8 26668.7
19495.1 5272.75
20809.1 48289.1
25975.4 10177.1
22101.8 47251.4
44245.9 13696.6
41138.9 4907.36
14516.8 42420.8
29569.7 14555.5
27063.2 45110.8
8284.37 25648.9
11671.6 10280.8
8041.05 19671.4
20234.1 23589.5
46400.4 42797
1107.11 32381.6
20749.2 26546.2
25297.8 26201.2
40187.8 44982.6
37032.7 11672
47672.8 32712.5
49545.5 3806.84
44566.5 48503
46508.6 43083.1
12311.1 24630.1
44400.6 38075.9
47205.3 9291.66
46442.6 41219.9
24525.3 4326.87
32916.8 36129.1
42570.4 17649.5
27288.5 10773.1
2743.1 39846.5
1332.95 5254.16
2602.54 47432.4
6611.96 47269.8
9735.64 28560.5
21253.7 48145
40786.5 12248.1
42911.4 42477.8
11428.7 48560.5
610.039 21401.8
3149.07 46659.1
49464.3 3575.68
35856 38377.9
38851.9 12842.4
49831.4 25366.2
37987.1 48904.8
36618.6 43199.6
17400.6 21294.1
35343.5 39666.3
13976 47978.5
5886.12 39628.5
29575.9 1415.37
4487.62 26936.5
31618.2 5060.99
45140.3 39163
47224.6 47615.5
27535 8552.66
12286.5 14149.7
20615.3 49769.2
47653 37870.5
13235.2 14609.1
39448.1 32560.5
11255.1 11206.4
18104.1 41349.4
21485.7 5223.2
35991 42924.4
21512.7 13726.5
5200.38 5820.06
13592.4 9949.41
21844.8 27429
18938.8 45949.4
39713.8 4178.86
7328.77 23265
4266.59 28076.1
39566.7 42377.6
34781 43512.4
36672.1 49602.7
20946.6 47901.1
28821.7 374.072
3699.68 42554.4
4178.26 42129.8
11417.1 42118.9
33154.8 12003.7
47815.6 48684.3
30364.2 24263.9
5098.36 8401.88
12720.9 5960.76
42814.9 41672.5
49168.2 35717.5
3892.08 22524.2
23767.9 46190.9
29647 23467.6
33453.8 16388.4
31179.3 48070
12849.2 12848.6
23457.7 37339.7
28071.2 8761.73
33987.8 11091.2
4892.26 26172.6
3391.3 20617.2
2853.72 561.436
39378.9 39253
26297.3 22880.8
15131.9 22466.4
36236.5 5468.92
42189.3 21427.1
9605.54 23020.2
46443.1 46940.8
37859.8 49102.7
49251.3 22480.4
37232.8 5582.84
36133.4 46788.4
14659.8 30505.8
16635.7 43650.4
38111.6 20547.1
29093.8 30233.5
42293.8 17098.4
28341.9 7204.28
8681.61 4795
18419 23999.5
38424.9 38113.1
41078.6 40505.7
9175 42151.2
3619.34 27229.4
19514.5 3264.43
5710.17 17879
43788.2 42851
40473.7 45950.3
8029.68 11541.2
9795.38 41035.9
47562.2 12884.1
19819 12412
12291.6 22619.2
36716.1 11656.6
22435.3 485.542
15424.7 8483.24
45720.2 33327.5
42995.8 42640.5
30008.4 3939.16
38716.6 15131.7
41920.5 38760.3
42712.5 41559.1
6605.69 19876.5
16964.3 2894.18
25951.7 43744.1
35361.8 46374.8
48281.4 7593.39
48356.8 13600.7
2769.21 13730.7
33986.1 34003.8
32725.7 12772.8
261.912 3511.88
8369.86 10550
39546 44315.1
48555.6 8412.41
44082.8 46066
14553 21224.2
21507.4 3106.85
20930.2 27950.5
39585 46218.6
48262.3 38860.2
29584 10652.3
25677.6 7644.47
32897.2 46904.4
20946.5 1662.17
38035.7 15659.9
35551.4 37725.8
37319.5 10089.6
4191.89 11248.5
46474.5 39131.1
8133.97 44306.4
35536.6 34095.3
22851 44907.3
14927.7 21851.6
45596.8 14009.4
23707.2 37414.7
21563 8717.67
19051.8 26373.1
36539.5 46902.7
45375.4 44106.8
37115.8 20145.8
45033.1 35657.1
23491.2 23328.3
39154.9 16444
6615.36 5063.58
44251.8 39858
7513.11 23644
13567 40485.4
49350.7 28320.2
6332.85 9563.71
15931.1 9243.42
3914.62 42060.3
40589.1 31683.7
31292.9 15467.7
45851.1 36399.5
3825.43 46205.4
2785.1 19185.4
40983.7 44549.6
3182.36 11001.3
42844.9 34611.6
34260.1 49425.3
20247 41139.4
14797.9 31185.4
48975.6 22387
24498.5 3846.46
48269.2 14989.7
12595.7 17806.5
20037.2 29294.4
8223.37 26385.4
26396.3 48506.4
7470.5 15803.7
46046.5 39777.8
5483.25 6635.85
16098.1 39514.4
7086.1 11134.2
11502.6 14144.2
10391.5 25392.2
11465.8 10754.4
42848.4 43492.4
15513.2 33263.2
17711.4 1914.99
36236.2 21878.2
32990.4 34867.2
45025.6 32916.9
27427.9 13412.3
47795.1 11662.3
41228.8 13032.8
14773.3 43201.3
43214.2 17221.3
910.908 3458.06
30591.9 41409.6
620.182 8116.92
25739.8 5043.05
47310.4 13676.6
14055.6 31809.2
44.3218 7288.92
32916.5 6879.12
49403.8 10349.2
28927.1 3852.59
42625.9 15575.5
3536.89 13435.4
37913.2 32594.2
23144.3 24027.6
5441.82 19461.1
14897.7 31301.6
43718.2 18104.9
2167.26 11198.1
46024.4 27650.7
17504.3 21889.3
14185.6 20684.6
7172.06 8349.18
3856.44 33299.7
40141.9 49940.2
5925.85 10873.5
8318.49 38624.1
21637.4 1181.28
15052.4 31701.1
18453.3 25766.9
13797.9 26146.7
19006.9 45956.4
20368.7 10511
3541.21 2582.31
26811 47991.9
38405.3 34342.8
21473.9 6899.04
1501.75 21232.3
32222.5 13428.3
33349 13253
9034.87 8520.51
15828.6 45223.1
19070.7 17616.6
37461.7 35476.1
12092.1 23833.9
8198.05 30855.1
19897.8 5970.61
26246 22575.9
31873.7 49577.1
36768.9 45220.1
18658.9 4327.62
32919.6 47837.6
42407.5 35485.1
1496.94 6266.64
43479.3 15363.2
45785.1 40021.1
641.83 42204.9
31245 38697.6
3132.62 40439.2
47321.8 34222
10219.4 6693.54
24305 48458.7
8573.88 12736.8
14539.9 33272.4
38524.2 37758.8
25100.3 26952.4
25836.1 10931.8
5769.2 26024.9
21120.8 6361.55
44602.2 34052.8
29406 35704.7
42860.6 43308.8
9091.37 5527.49
16079.6 43429.3
17206.5 10022.3
11796 10570
17924.3 38995.8
32664.9 45206.5
11236.7 587.491
8530.49 12735.7
847.417 23081.4
37796.3 36273.6
45443.8 12554.9
4696.31 5058.64
4697.62 18871.3
36513.7 9288.1
47116.7 31214.6
47460.8 44675.2
232.115 18178.4
13106.8 14157
14782.4 32712.9
40506.4 31861
2906.38 15482.7
16328.2 34358.8
2693.47 17166.2
41617.6 19670.7
14792 28712
31913.5 43461.2
10007.7 8760.63
43851.2 29556.3
38457.2 43475.4
24697 47568.2
41715.6 33649
29440.8 3406.55
35850.7 12565.3
10559.3 40899.1
30251.2 49843.3
44635.6 10193.3
15994.4 44500
26165.4 47219.2
23136.4 10247.4
19612.6 46710.4
8492.3 9589.11
11907.1 33354.2
8410.57 44670.6
28511.5 11061.2
49411.7 38440.9
44131.1 45968.8
2020.35 14553.5
43325.4 46701.1
31879.9 10732.9
37458.9 11272.6
40439.2 42002.8
8981.09 5156.48
18701.4 48886.4
95.2356 4944.64
37082 45475.7
603.56 3663.36
47163.4 37980.1
35668.2 13523.1
27002.4 27695.5
16340.6 4177.1
19.9815 32507.4
40362.7 40856.3
44090 48498.2
6358.25 18652.3
28313.4 47789.5
37585 34667.2
20845.4 22688.3
4937.13 32299.9
4301.75 39482.3
13703.5 9303.45
39636.3 33175.5
32836 13010.5
8527.89 28546.8
30344.3 40787.5
14214.9 22820.3
5943.61 40271.3
16548.5 45381.2
27302.2 6020.9
27968.6 2066.78
21698.4 38899.7
18367.8 23431.8
41643.6 48832.8
21894.6 4642.77
8510.17 6286.11
40460.3 34100.2
5589.84 18821.3
31245 624.182
43521.4 21740.4
20378 46063.5
21699.1 25363.4
36654.8 47401.5
14667.6 30794.7
6760.03 29269.2
10753.6 12450.8
43819.4 4231.25
48950.4 42719.8
46566.6 33819.8
15138 18003.6
26479.4 42470.3
19577.7 20234.7
23881.8 49827.7
2146.94 17073.2
26426.7 43615.6
1226.72 49296.3
515.499 27214.3
31487 5187.39
27021.5 6665.1
47574.2 15567
39573.5 26807.1
30830.2 6385.17
2810.49 47862.9
1233.42 43628.6
19471.2 11240.5
27956.4 10957.5
43806.9 21423.1
44657.6 11174.1
40010.2 33403.3
47963.5 36118.5
5970.45 14212.5
32838.3 37014.8
19391.3 24271
5610.83 40046.6
39181.7 41235.1
16723.2 40502.2
25336.9 43543.8
7394.02 39951.1
49164.9 38678.5
25558.6 43063.6
20010.5 4778.65
42631.4 38065.1
6876.14 18202.9
37532.6 11616.5
23620.1 6217.69
11813.5 25837.4
40589.6 47948.2
10777.4 15277.1
1499.71 23363.7
22776.9 14752.7
1731.76 42438.3
49474.2 8879.61
6694 41438.5
42285.9 13124.1
826.85 45650.8
21474.7 30580.7
13408.8 26471.1
2319.04 8856.35
4991.51 26587.2
16364.7 155.325
1601.53 32243.2
16948.5 49418.5
19476.9 12566.9
16140.5 31111
49572.1 40797.6
34916.3 10254.8
