33778.3 13068.8
36100.7 49152.4
8573.95 47863.5
9560.32 22161.2
27666.4 18342.3
7841.87 2857.5
7651.52 34950.3
34345.5 25042.6
35040.7 38335.7
13536.1 11208.2
18814 24016.8
24810.2 35749.6
4441.69 14197.2
38102 20762
20284.7 6054.89
39146.3 28914.2
34150 7454.69
13010.7 46816.2
40611.1 14806.6
22998.6 36578.1
21277.2 41242.3
45876.6 25719.6
35569.2 25801.1
13445 33562.4
16575.3 16725.5
3721.55 40973.2
19290.9 48712.4
9567.03 21359.1
29699.9 25516.2
34840.9 31178.9
38831.7 7298.39
45178.5 10295.4
21550 26002.5
4668.48 15033.2
28351.1 49687.1
19643.9 22670.3
40134.6 15435.4
31545.3 9793.44
33251.8 46775
15604.7 26321.6
28680.1 40573.6
2963.63 37332.4
25040.2 4009.11
29852.1 32147.1
12866.2 21616
40594.7 38073.2
44832.2 25474
47741.9 41728.4
10835.5 22208.1
777.259 35852.6
49543.9 347.237
2160.69 34390.9
44851 38895.8
36689.6 10396.3
35649.2 33730.5
12217.2 19376.5
9053.99 16340.6
41187.7 27012.3
24972.3 19146.1
19628.4 1538.89
15017.7 43251
34223 48821.6
20372.7 37163.6
6964.12 2365.99
35047.4 21048.9
41396.6 42287.1
36532.8 917.543
45640.7 11022.4
20764.5 84.9966
45391.8 46683.5
32946.4 40374.4
4250.21 9226.49
10652.8 46054.7
39224.2 3000.33
48956.5 13838.5
28170.4 45448.5
33191.7 31509
7367.08 21581.4
4921.5 31504.7
8798.99 9289.92
41891.3 29096.5
6128.03 48187.8
8693.78 47605.5
37800.8 27024.5
16059.4 47458.8
30336 39696.1
14815.1 32326.9
33680.5 21237.9
4085.73 13302.3
12177.4 45213.6
46870.3 13265.9
46920.7 11438.6
45130.3 28961.2
40799.9 32925.8
35877.9 13441.7
28890.2 35295.5
43352.1 49828.8
8541.42 8188.29
29840.4 9828.69
44081.9 15016.5
6515.47 33174.9
49651.4 37948.9
48542.4 23268
2101.32 44042.3
35747.3 17832.3
5282.04 44325.9
9662.04 1981.32
34732.1 1606.87
38048.6 11442.6
2545.65 6998.99
24017.1 33677.8
29266.2 343.934
33962.4 47280.4
3225.95 27301.9
34831.7 41471.5
37152.8 14769.1
6801.89 5392.66
45944.8 12462
31456.2 30855.4
19174 32.9787
11554.5 7059
32474.8 20033.9
45382.9 36398.5
12745.9 44466.9
9887.36 48259.1
16600.5 9189.11
32004.8 38361.1
6337.24 23537.7
6733.15 7034.41
21221.3 42095.3
44700 10894.5
30606 11205.6
9929.12 21075.5
26799.8 40143
20038.6 18718.7
22330 19080.4
10625.9 22055.9
22863.2 2482.19
39938.9 25309.3
32092.2 30372.5
2846.5 2221.57
26950.8 34323.7
49147.6 19436.3
43786.4 7475
7429.2 24071.5
15265.4 32716.7
5416.53 44768
16410.5 47190.8
31394.4 18028.5
15629.8 7510.28
9912.79 16303.4
44451.3 1843.84
794.981 13628.8
455.694 46406.5
47352.7 19754.1
30500.9 10326.7
8661.91 42791.6
47.7008 25040.9
30423.3 13501.7
25364.2 10285.9
15193.8 24674
4745.57 18077.6
4508.81 24308.3
125.319 48052.5
14244.1 43646.6
1202.08 28826.9
48028.4 38343.1
30019.8 10949
32753.4 21743.3
44677.3 43211.7
15032.6 41424.4
31271.2 127.548
11612.3 18326.8
2221.33 38869.6
10184.5 40485.6
26770.2 30716
23936.6 7340.24
48356.8 16118.1
2048.65 21595.9
26090.3 49708
24694 40949.4
46291.8 30.9071
17288.2 17842.5
33165.5 9794.78
7751.19 21073.8
12737.2 37259.5
41030.4 42765.5
42914.7 37493.3
2340.13 7479.35
43037.6 43665.6
43376.6 46187.4
45873.2 14948.5
30531 8833.19
13017.6 41415.8
620.125 38955
14606.8 7260.37
29200.7 32999.8
47081.8 38979.3
23531.7 47424.9
28318.4 28788
10481.6 34167.2
20746.4 9276.85
15098.4 37859.5
32803.1 15481.1
49204.5 423.02
40464.5 40601.9
31096.7 12742.3
39621.4 24481.1
10658.4 37203.5
6565.47 38994.9
36164.1 16267.5
32408.9 34831
25448.4 37183.9
42830.5 45385.1
985.331 6688.3
4856.27 5881.76
26505.9 21528.3
43999.7 35409.3
17410.5 4443.85
15639.5 10156.3
21516.5 10351.1
12154.9 36039.2
36987.8 26273.7
30149.1 7600.93
45593.2 5326.69
3571.99 6165.77
22187.3 32954
40044.9 6617.31
29524.3 44620.6
42265.6 35832.4
10535.1 38560.3
6075.64 19470.9
38958.1 20231.5
14292.8 28430.3
4837.79 27729.1
21858.6 20134.8
1105.16 3692.33
25681.2 44559.3
